       4      27    2021       5       5      11      44
      53      49    2021       5       5       7       3
      57      47    2021       5       4      13       3
       4       2    2021       5       5      23      11
      18      44    2021       5       6       7       6
      63      20    2021       5       6       2      35
      46      25    2021       5       5      10      36
      42       7    2021       5       5      15      53
      16      59    2021       5       4       5      15
      62      18    2021       5       5      11      15
      28       5    2021       5       5      18      29
      60       4    2021       5       6       7      17
      67       4    2021       5       6      14       4
      70       2    2021       5       4       4       6
      32      32    2021       5       4      18      20
      60      29    2021       5       4      19       2
      69      41    2021       5       6       6      28
      63      40    2021       5       5       4      18
      48      56    2021       5       5      20       5
      15      33    2021       5       4      17      19
      29       2    2021       5       5       9      30
      18      37    2021       5       6      20       4
       7      29    2021       5       6       1      52
      47      41    2021       5       5       8      29
      66      43    2021       5       4      19       3
       9      69    2021       5       6       5       3
      56      13    2021       5       6       2      35
      33      31    2021       5       6       4      59
      50      68    2021       5       6       8       5
      14      43    2021       5       6       3      32
       8      34    2021       5       4      15      34
      14      18    2021       5       4      11      32
      41       1    2021       5       4      17      39
      17      19    2021       5       5      16      49
      36       0    2021       5       4      22       9
      70      27    2021       5       5      21       1
      68      45    2021       5       6      21       3
      63      27    2021       5       6       5      36
      51      22    2021       5       4      13      47
      66      59    2021       5       4      23      18
       0      54    2021       5       5      23      30
      30      45    2021       5       5      14      33
      67      23    2021       5       6      16      19
      13      26    2021       5       6       8       9
      38      25    2021       5       4      23      45
      17       8    2021       5       5       3       2
       4      10    2021       5       6       4      53
      64      37    2021       5       6      23      32
      54      25    2021       5       4      22      37
       9      22    2021       5       5      21      47
      39      52    2021       5       6      18      13
      11       3    2021       5       6       0      24
      32      27    2021       5       4       3      32
      52      69    2021       5       5      17      13
      41      54    2021       5       5      22       3
      39      53    2021       5       4      15      51
      62      33    2021       5       6      15      16
      40       1    2021       5       6      13      34
      17      15    2021       5       4       9      36
      63      64    2021       5       4      18      11
      55      31    2021       5       6       8      22
      38      31    2021       5       6      22      52
      58      15    2021       5       6       7      38
      53      35    2021       5       6       5       4
      31      66    2021       5       4       6      44
      48      28    2021       5       4      12      30
      58       1    2021       5       6      12      39
      67      25    2021       5       6      12      12
      67       9    2021       5       4      16      31
      53      13    2021       5       6      21      24
      25      39    2021       5       4       0      52
      44       1    2021       5       4       2      19
      26      42    2021       5       4       0      23
      29      58    2021       5       6       4       9
      63      53    2021       5       4      10      35
      29      46    2021       5       6      12      45
      17      48    2021       5       6      12      14
      65       5    2021       5       6      21      25
      36      47    2021       5       5      20      39
      22      28    2021       5       4       6       0
      37      14    2021       5       4      16      19
      68      65    2021       5       4      18      13
      64      70    2021       5       4      13       8
      31      52    2021       5       4      11      11
      15      12    2021       5       5      20      51
      64      22    2021       5       6       4      51
      49      23    2021       5       6       8      48
      45      27    2021       5       5       6      18
      47       6    2021       5       4       9       4
      58       9    2021       5       4      13      22
       3      13    2021       5       5       4      46
      31       9    2021       5       5       6      41
      48      23    2021       5       6      12      47
      64      43    2021       5       4       4      46
      59      59    2021       5       4       0      51
      28       4    2021       5       4       0       1
      52       9    2021       5       5       4      28
       3      53    2021       5       5       1      26
       4      15    2021       5       4      20      13
       8       8    2021       5       6      18      22
