      64       3    2021       5       5       6      17
      58       3    2021       5       5       5       3
      14      37    2021       5       4       9      10
      62       6    2021       5       4      11      33
      40      28    2021       5       5       2      23
      14       3    2021       5       5       0      40
      63      10    2021       5       5       2      48
       1       7    2021       5       5       5      16
      69      24    2021       5       4      19       8
       0      27    2021       5       5       5      23
      48      44    2021       5       5       3      44
      42      18    2021       5       4      14       4
      70       5    2021       5       5       2       4
      31       1    2021       5       4      13      31
      65       4    2021       5       5       2      43
      16      47    2021       5       5       3       6
      50      47    2021       5       4      21      44
      54       3    2021       5       4      11      47
      22      17    2021       5       5       6      54
      25       9    2021       5       4      18      53
