      43      40    2021       5       4      22      20
      45       2    2021       5       5       3      14
      60      28    2021       5       4      22      16
      69      32    2021       5       5       1       2
       3       2    2021       5       5       1       0
       7      41    2021       5       5       0      38
      62      19    2021       5       5       6      38
       2      10    2021       5       4      19      16
      56      26    2021       5       4       8       0
       3       8    2021       5       4      17      23
      40      35    2021       5       5       5      52
      15      35    2021       5       4      19       2
       0      21    2021       5       4      20      43
      18      39    2021       5       4      13      13
      52       1    2021       5       4       8       8
      12      30    2021       5       4      10      18
      35      25    2021       5       4      21       6
      27      27    2021       5       4      18      47
      20      29    2021       5       5       1      50
      21      12    2021       5       4      14      13
      55      20    2021       5       5       7      30
      16      39    2021       5       4      10      52
      32      48    2021       5       5       7      31
      22      49    2021       5       5       2      58
       0      27    2021       5       5       6      13
      50       5    2021       5       5       4      38
      70      23    2021       5       4       8       5
      69       3    2021       5       5       0      37
      54      11    2021       5       5       7      29
      35      11    2021       5       4      11      47
       1      46    2021       5       5       6      55
      35      22    2021       5       4      15      11
      40      42    2021       5       4      11      17
      16      36    2021       5       5       7      17
      53       6    2021       5       4      23      32
      57      27    2021       5       5       5      41
      29      37    2021       5       5       6       6
      41      44    2021       5       5       4      53
      30      23    2021       5       4      21      46
      33      25    2021       5       4      12      52
      36      30    2021       5       5       1      45
      46      49    2021       5       5       3      20
      50      11    2021       5       5       5      56
      27      33    2021       5       5       5      55
      55      14    2021       5       5       7      36
      55      18    2021       5       4      16      46
      45      13    2021       5       5       0      43
       9       8    2021       5       4      18      33
      17      32    2021       5       5       0      17
      10      13    2021       5       5       6      12
      39      30    2021       5       5       3      39
      52      39    2021       5       5       7      39
      21      49    2021       5       4      11      18
      11      45    2021       5       4      11      56
      46       9    2021       5       5       2      27
      23      25    2021       5       5       7      16
      51       5    2021       5       5       3      26
      46       8    2021       5       5       3      21
      59      10    2021       5       4      20      46
      55      27    2021       5       5       7      50
      15      42    2021       5       5       4      14
      56      15    2021       5       4      21      50
      67      25    2021       5       5       5       0
      18       0    2021       5       4      20      43
      48      26    2021       5       5       2      36
      39      16    2021       5       4      22      11
      48      33    2021       5       4      14      55
       7       7    2021       5       5       5      32
      33      36    2021       5       4       9       1
      46      18    2021       5       4      19      33
      50      14    2021       5       4      15      16
      31      43    2021       5       4      14      37
      25      20    2021       5       4      18      31
      22      49    2021       5       4      22      52
      18      44    2021       5       5       3      11
      42      23    2021       5       5       0      55
      15      35    2021       5       5       3      50
      51      31    2021       5       5       6      35
      61      31    2021       5       5       4      35
      37      37    2021       5       5       0      16
      26      17    2021       5       5       1       1
      65      39    2021       5       5       5      55
      47       1    2021       5       5       3      16
      13      42    2021       5       5       2      38
      60      13    2021       5       4      20      26
       2      40    2021       5       5       5      31
      46      37    2021       5       5       0      47
      44      39    2021       5       4      21       6
      32       9    2021       5       5       0      51
      40      31    2021       5       4      18      23
      58      29    2021       5       5       7      33
      25      45    2021       5       5       2      31
      24       6    2021       5       4      11       2
      59       4    2021       5       4      21      39
      27       2    2021       5       5       6      39
      32      29    2021       5       5       1      20
       0       5    2021       5       5       4      21
      40       9    2021       5       5       5      32
      67      42    2021       5       5       0      16
      12       8    2021       5       5       1       9
      22      26    2021       5       5       7      37
      11       6    2021       5       5       1      39
      33      36    2021       5       4      17       7
      27       9    2021       5       4       8      50
      42      43    2021       5       5       3      56
      48      46    2021       5       5       3      37
      31       0    2021       5       4      14      54
      70       0    2021       5       5       6      53
      25      48    2021       5       5       3      20
      66      30    2021       5       5       3       9
      23      47    2021       5       4      13      16
      32      34    2021       5       5       0       8
      44      22    2021       5       5       6      59
      55       7    2021       5       4      11      31
      21      44    2021       5       4      21      51
      68      18    2021       5       4      16      40
       5      11    2021       5       5       2      23
      59      14    2021       5       4      17      58
      70      40    2021       5       5       4      12
      44      12    2021       5       4      20      18
      41      12    2021       5       5       1      12
      15      48    2021       5       5       4      54
      26      20    2021       5       5       4      14
      26      35    2021       5       4      22       0
       2      12    2021       5       5       4      20
      67      13    2021       5       5       6      32
      52      10    2021       5       4      18      36
      36      34    2021       5       5       2      37
      16       1    2021       5       4      23      14
      54      36    2021       5       4      17      31
      44      40    2021       5       4      21      40
       4      27    2021       5       4      10      13
      25      10    2021       5       4      18      24
      65      16    2021       5       5       7      12
      68      30    2021       5       5       6      21
      65      48    2021       5       5       3      57
       5      12    2021       5       4      15      13
       1      45    2021       5       5       3       8
      44      50    2021       5       4      15      38
      42      46    2021       5       4      11       8
      57      32    2021       5       4      13      29
      21       1    2021       5       5       1       0
      60      46    2021       5       5       3      41
      42      10    2021       5       4      11      40
      66      34    2021       5       5       4      26
      25      36    2021       5       5       5      58
      60       5    2021       5       4      15      57
      29      45    2021       5       4      20      26
      32      36    2021       5       4      17      50
      26      24    2021       5       5       5      31
      33      47    2021       5       5       4      44
      57      22    2021       5       4      12      18
      25       2    2021       5       4      18      45
      30      38    2021       5       4      15       9
      69      33    2021       5       5       2      24
      37      11    2021       5       4      10      31
      20      49    2021       5       4      10      25
      55      46    2021       5       4      13      57
      66      28    2021       5       5       3      45
       1      20    2021       5       5       7       5
      11      25    2021       5       4      11      39
      27      27    2021       5       4      22      51
      67       8    2021       5       5       6      16
      46       7    2021       5       5       0       3
      31      13    2021       5       5       1      29
      40      18    2021       5       4      22      27
      17      13    2021       5       5       1      43
      58      11    2021       5       5       1       1
       8      21    2021       5       4      17      35
      22      22    2021       5       4       8      52
       3       4    2021       5       5       1      35
       1      28    2021       5       5       3       3
       3      29    2021       5       4      15       4
       1      21    2021       5       5       5      31
      28      47    2021       5       4      17      36
       2       2    2021       5       5       5      27
      46      48    2021       5       4      15      51
      35      29    2021       5       4      16      24
      45      11    2021       5       4      16      49
      62      34    2021       5       4      23      57
      61      10    2021       5       5       4      53
      60       5    2021       5       5       2      17
      47      12    2021       5       4      21      34
       9      26    2021       5       5       6      23
      20      34    2021       5       4       9      29
      36      12    2021       5       5       5       9
      41      45    2021       5       4      10      40
      56      40    2021       5       5       4       5
      66      49    2021       5       5       5      17
       5       6    2021       5       4      15      46
      59      31    2021       5       4       9       4
      60      49    2021       5       4      23      52
      22       8    2021       5       5       6      54
      17       8    2021       5       4      23       6
      10      17    2021       5       4      20      34
      30      14    2021       5       5       0      19
      66      11    2021       5       5       3       6
      21      47    2021       5       5       6      28
      38      15    2021       5       4      12      40
      70       0    2021       5       4      11      16
      54      42    2021       5       5       0      28
      47      31    2021       5       5       4      37
      56      43    2021       5       4      11      54
      18      20    2021       5       5       4       8
      65       7    2021       5       5       2      17
      41      20    2021       5       5       5      20
      55      24    2021       5       4      22      50
      22      31    2021       5       4      14      29
      28       8    2021       5       5       0      10
      41      40    2021       5       5       3      58
      44       0    2021       5       4      14       9
      22      48    2021       5       4      21      48
      25       0    2021       5       4      14       6
      65      48    2021       5       4      15      53
      61      41    2021       5       4      21      50
      56      48    2021       5       4      12      36
      46       9    2021       5       4      19      56
      41      36    2021       5       4      15       0
      56      45    2021       5       5       0      30
      38      28    2021       5       4      10       5
       4      34    2021       5       5       5      35
      31      19    2021       5       4      19      31
      70      25    2021       5       5       2      47
      15       7    2021       5       4      22      10
      17      27    2021       5       5       0      24
       1      32    2021       5       4      10      21
      38       4    2021       5       4      12      17
      66      49    2021       5       5       3      53
      53      33    2021       5       5       6      46
      34      17    2021       5       5       0      12
       6      49    2021       5       4      23      27
       3       1    2021       5       5       5      30
      46      15    2021       5       5       1      23
      61      25    2021       5       5       0      55
       3      20    2021       5       4      11      48
      63      23    2021       5       5       2      36
      23      18    2021       5       4      13      39
      16      46    2021       5       4       9      47
       2      21    2021       5       4      13       9
       0       9    2021       5       5       1      43
      31      48    2021       5       4      13      23
       3      37    2021       5       5       0      35
      58      29    2021       5       5       3      33
       8       9    2021       5       4      20       8
       5       9    2021       5       4      18      31
      64      43    2021       5       5       7      28
      51      32    2021       5       4      13      26
      16       3    2021       5       5       2      40
      38      20    2021       5       5       6      47
      39      28    2021       5       4      12      35
       6       1    2021       5       5       0      28
      25      40    2021       5       4      22      14
      61      22    2021       5       5       0      18
      23      27    2021       5       4      11      31
      13      37    2021       5       4       8      46
       7      10    2021       5       5       2      44
      64      33    2021       5       5       7      16
      29       9    2021       5       4      20      45
      54      26    2021       5       5       1      40
      25      31    2021       5       5       1      25
       4      32    2021       5       4      18      43
      41      20    2021       5       5       2      13
      55      25    2021       5       4      18      45
       8      30    2021       5       4      17      30
      42      10    2021       5       4      21      48
      46      49    2021       5       5       4      59
      65       2    2021       5       4      18      28
      35       1    2021       5       4      15      10
      51       8    2021       5       5       7      54
      34      42    2021       5       4      22      14
      49      38    2021       5       5       0       0
      62      42    2021       5       4      23      40
       3      19    2021       5       4       8      16
      54      15    2021       5       5       1      21
       2       8    2021       5       5       3       1
      46       0    2021       5       5       1       3
      17      16    2021       5       5       3      42
      17       5    2021       5       4      10       4
      27      11    2021       5       4      13      38
       3      20    2021       5       5       5       7
      27      24    2021       5       5       1      44
      31       3    2021       5       4       9      22
      24      34    2021       5       5       7      53
      49      50    2021       5       4      15       0
      19       5    2021       5       5       7      37
      43      17    2021       5       5       0      35
      38      46    2021       5       4      10      34
      41      39    2021       5       5       7       6
       7       8    2021       5       4      13      47
      65       9    2021       5       5       5      31
      38      21    2021       5       4      23      24
      65      34    2021       5       4      18      35
      57       3    2021       5       4      14      48
       8       2    2021       5       5       4      33
       1      43    2021       5       5       3      32
       8      29    2021       5       4      11      12
      66      19    2021       5       5       0       8
      26      15    2021       5       5       6      20
      51      32    2021       5       5       7      37
       9      38    2021       5       4      14      58
      43      40    2021       5       4      11      33
      24       4    2021       5       4      22      51
      22      46    2021       5       4      17       6
      51      28    2021       5       5       6      11
      53       1    2021       5       5       3      48
      25       1    2021       5       5       4       7
      20       5    2021       5       4      22      57
      41      16    2021       5       4      10       2
      66      19    2021       5       5       2      46
      65       1    2021       5       5       6      16
      54       0    2021       5       5       1       8
       2       1    2021       5       4      17      47
      42      25    2021       5       4      12      52
      58      19    2021       5       5       0      30
      36      23    2021       5       4      23      51
      62       5    2021       5       5       1      47
      30      50    2021       5       4      17      34
      70       1    2021       5       4      21       1
      49      48    2021       5       4      19      12
      30      31    2021       5       5       7      56
       6       3    2021       5       5       7      41
       0      36    2021       5       4      12      32
      46       2    2021       5       5       4      54
      45       6    2021       5       5       3      58
      61      36    2021       5       5       5      33
      41      40    2021       5       5       1       1
      30      22    2021       5       4      22      18
      24      48    2021       5       4      22       8
       7      16    2021       5       4      18      30
      55      29    2021       5       4       8      26
      48      28    2021       5       4      18      12
      25      49    2021       5       5       5      54
      10       7    2021       5       4      19      35
      57      30    2021       5       5       2      42
      70       4    2021       5       5       1      10
      27      17    2021       5       4      11      25
      68       2    2021       5       5       5       7
      36       0    2021       5       4       8      30
      53      23    2021       5       4       9       2
      17       3    2021       5       4      18      30
      70      46    2021       5       5       1      47
      42      11    2021       5       4      14      28
      66      13    2021       5       4      22      29
      59      49    2021       5       5       6      39
       4      50    2021       5       5       7       7
      68       8    2021       5       4      14      42
      42      46    2021       5       5       2       6
      23      48    2021       5       5       7      29
      61       0    2021       5       4      20       8
      68      24    2021       5       4      15      23
      10       8    2021       5       5       2       7
      33      26    2021       5       5       7      18
      43       8    2021       5       4      17       7
      67      21    2021       5       4      16      35
      40       4    2021       5       5       6      34
      44      20    2021       5       5       3      47
      36      24    2021       5       5       2      58
      53       2    2021       5       5       3      35
      60      41    2021       5       5       5      21
       9      39    2021       5       4      16      16
       9       9    2021       5       4      23      36
      47      30    2021       5       4      20       1
       5      19    2021       5       5       4      21
      16      20    2021       5       4      15      51
      29      30    2021       5       4       9      22
      15      13    2021       5       4      15       8
      33      48    2021       5       4      13      54
      26      14    2021       5       5       3      53
       1      10    2021       5       4      16      22
      64      39    2021       5       5       1      52
      10      34    2021       5       5       0      34
      18      33    2021       5       5       0      25
      47      34    2021       5       4       8       0
      22       3    2021       5       4      10      23
      64      24    2021       5       5       6      30
      33      48    2021       5       4      14       4
       8      45    2021       5       5       2       7
      30      45    2021       5       5       4       0
      31      14    2021       5       4      23      34
      48      36    2021       5       5       2      35
      65      26    2021       5       5       7      24
      40       1    2021       5       4      21      59
       1      22    2021       5       4      10      21
      68      37    2021       5       5       6      53
      11      21    2021       5       4      19      50
      24      47    2021       5       4      16      36
      24       5    2021       5       4      18       3
      23      29    2021       5       4       9      26
      66      19    2021       5       5       7      57
      62      45    2021       5       5       0       4
      56      22    2021       5       4      19      50
      15       0    2021       5       4      18      17
       0       9    2021       5       5       2      42
      66      40    2021       5       4      14      11
      53      41    2021       5       4      18      58
      69       4    2021       5       4       8      19
      34      14    2021       5       4      19      49
      59       2    2021       5       5       5      54
      33      19    2021       5       4      23      53
      65       7    2021       5       5       7      54
      60      30    2021       5       4      13      14
      23      47    2021       5       5       1       8
      38       4    2021       5       4      12      58
      62      39    2021       5       5       1      40
      68      46    2021       5       5       1      20
      44      16    2021       5       4      14      22
      64      29    2021       5       4      22      22
      36      40    2021       5       4      23      46
      62      19    2021       5       4      15       7
      18      44    2021       5       5       2      39
      47      24    2021       5       4      23      12
      34       9    2021       5       5       5       1
      40      11    2021       5       4      18       6
      57      50    2021       5       5       0      33
      51      23    2021       5       5       6      56
      34      22    2021       5       4      14      29
      61      38    2021       5       5       5       5
      18       4    2021       5       5       2       0
      69      33    2021       5       4      21      16
       9      14    2021       5       5       5      44
      18       8    2021       5       5       4      49
      60       2    2021       5       5       6      10
      47      23    2021       5       5       5      30
       4      13    2021       5       4      21      39
      46      42    2021       5       5       6      58
      33      50    2021       5       4      18       9
      43      46    2021       5       5       5      57
      50      41    2021       5       4      23      56
      14      16    2021       5       5       4      43
      20      12    2021       5       5       4      22
      56      30    2021       5       5       6       5
      66      47    2021       5       5       7      24
      42      41    2021       5       4      12      24
      63      30    2021       5       4      21      57
      53       5    2021       5       4      14       1
      66      14    2021       5       5       7      28
      65       1    2021       5       4      22      48
      10      33    2021       5       5       2       8
      55      44    2021       5       5       7      59
      23      40    2021       5       5       6      27
      52      39    2021       5       4      22      12
      31      49    2021       5       5       1      11
       2      41    2021       5       4      13      51
      39      50    2021       5       5       6       0
      51      20    2021       5       4      10      55
       0      42    2021       5       5       2       0
       8      39    2021       5       5       0      52
      23      47    2021       5       4      23      20
      20      41    2021       5       5       5      39
      17      33    2021       5       4       8      52
      27       6    2021       5       4      20      56
       0      28    2021       5       4      20      52
      64      33    2021       5       4      18      38
       4      25    2021       5       5       7      57
      17      48    2021       5       5       5      39
      61      40    2021       5       5       5      31
      50      33    2021       5       4      23      26
      68      26    2021       5       4      11      14
      17      33    2021       5       5       2      58
      44      46    2021       5       5       7      52
      46      23    2021       5       5       5      53
      48      39    2021       5       5       7      29
      47      35    2021       5       4      22      44
      46      25    2021       5       4      14      19
      45      14    2021       5       4      16      41
      61       6    2021       5       5       6      50
      12       8    2021       5       4      23       9
      65      19    2021       5       4      11      50
       3      21    2021       5       5       6       0
      12       0    2021       5       5       6      16
      25      33    2021       5       4      11      20
      36      25    2021       5       5       1      40
      58      19    2021       5       5       1      26
       0      32    2021       5       5       6      56
      36      10    2021       5       4      13      39
      20       4    2021       5       4      19      29
      45      43    2021       5       5       0       6
      37       3    2021       5       4      23      21
      30       8    2021       5       4       8      32
      59      11    2021       5       5       5       1
       3      50    2021       5       4      16      19
      21      18    2021       5       5       4      15
      63      27    2021       5       4      16      41
      66       4    2021       5       5       1      17
      45      17    2021       5       5       3      35
      44       3    2021       5       5       4      51
      37      30    2021       5       4      15      54
      21      36    2021       5       5       4      51
      57      25    2021       5       5       5      12
      44      16    2021       5       4       8       1
      26      10    2021       5       4      13      46
      29       3    2021       5       4      17      50
      42      21    2021       5       4      17      17
      68      10    2021       5       4      22      46
      53      32    2021       5       4      14      40
      29      42    2021       5       5       1      33
      13       0    2021       5       5       0      57
       0      25    2021       5       4      12      21
      39      40    2021       5       5       5       2
      29      18    2021       5       5       0      23
