      58      33    2021       5       5       4       4
      20      21    2021       5       6       1      58
      40      30    2021       5       4      21      49
      68      47    2021       5       5      12      56
      54      55    2021       5       6       1      17
      66       3    2021       5       4      14      30
      68      25    2021       5       5      23       0
      63      35    2021       5       5       2      11
      30      53    2021       5       5      10      19
      20      56    2021       5       5      17      23
      17      54    2021       5       6      22      43
      65      67    2021       5       4      20      32
      66       7    2021       5       4       4      18
       7      10    2021       5       5      21      24
      34      67    2021       5       6      15      15
      58      57    2021       5       5       7       5
       9      11    2021       5       5      12      47
      11      18    2021       5       6       7      20
      33      22    2021       5       4      13      21
      14      36    2021       5       6       8       9
      26      38    2021       5       5       3      49
      51      24    2021       5       6       0      55
      22      37    2021       5       4       4      32
      57      68    2021       5       4       0      37
      32      34    2021       5       6      21      13
      57      37    2021       5       4      20      45
      67      64    2021       5       5      10      43
      35      46    2021       5       4       9      58
      43      15    2021       5       4      10      30
      53      44    2021       5       6       0      58
      41      11    2021       5       6      14       0
       8      63    2021       5       6      20      24
      41      68    2021       5       4       2      31
      22      11    2021       5       4       2      35
      43      64    2021       5       6       0      51
      66      19    2021       5       4       0      33
      55      66    2021       5       6      18      52
      13      64    2021       5       5       7       9
      57      25    2021       5       4      10      29
      65      35    2021       5       4      14      12
      15      52    2021       5       6       9      26
       3      41    2021       5       6      16      25
       0      65    2021       5       4       3      55
       7      41    2021       5       4      19      14
      40      33    2021       5       4       2      49
      28      19    2021       5       4      23      29
       9      36    2021       5       4       8      16
      21      22    2021       5       5      23      15
      27      68    2021       5       5      19      33
      36      52    2021       5       4      19       7
      69      32    2021       5       6      15      22
      15       3    2021       5       5       9      57
       8       0    2021       5       6       2      34
      61       3    2021       5       5      10       0
      53      29    2021       5       4       1      13
      10      40    2021       5       4      22      54
      49      29    2021       5       4      23      31
      42      59    2021       5       6       0      39
      55      48    2021       5       4       2      53
      62       1    2021       5       6      19      13
      13      68    2021       5       5      15       7
      25      49    2021       5       6       2       1
      58      67    2021       5       6       4      40
      17       9    2021       5       4      16      33
      58      55    2021       5       6       7      29
      52      35    2021       5       4      22      16
      61       1    2021       5       4      12      42
      45       1    2021       5       4       4      35
      55      15    2021       5       6       4      16
      19      33    2021       5       5      23       7
      31      63    2021       5       6       6      44
      20      58    2021       5       5      17      25
      54      63    2021       5       5      21      31
      18      47    2021       5       5      21       3
      20      19    2021       5       6      10      32
       7      31    2021       5       5       9       8
      13      19    2021       5       4      17      18
      19      52    2021       5       5       8      40
      20      60    2021       5       6      14      28
      52      53    2021       5       5      12      23
      26      21    2021       5       4      20      42
      49      60    2021       5       5      12      26
      57      26    2021       5       6       1      41
      33       2    2021       5       4       0      25
      17      29    2021       5       6       3       4
      54      57    2021       5       4      13       8
      18      35    2021       5       6      19      40
      33      48    2021       5       6       9       4
      16      26    2021       5       4      12      28
      24       8    2021       5       5      14      30
       3      21    2021       5       4      15      42
      45      24    2021       5       5      23      13
      51      27    2021       5       6       9      30
      23      11    2021       5       6      14      22
       2       5    2021       5       4      13      33
      63      23    2021       5       5       1      36
      32      41    2021       5       4      17      13
      20       7    2021       5       6       0      16
      64      19    2021       5       4      19      24
      57      22    2021       5       6      21      23
      41      51    2021       5       5       0       0
      58      22    2021       5       5      17       8
      33      16    2021       5       5       1      23
      22      60    2021       5       4      19       8
      20      68    2021       5       5      10      57
      18      36    2021       5       6      17      48
      15       3    2021       5       4      21      27
      19       3    2021       5       5      18       1
       7      24    2021       5       4       0      13
      68      22    2021       5       4       4      31
       1      36    2021       5       6      20      29
       6      61    2021       5       5       9      35
      27      10    2021       5       4      15      35
      38      58    2021       5       4      22      44
      64       8    2021       5       6      12      58
      16       9    2021       5       5      21       3
      11      16    2021       5       4       6      56
      22       0    2021       5       6       7       7
      68      40    2021       5       5       0      59
      45      44    2021       5       6       6      37
      14      24    2021       5       4      18      20
      68       5    2021       5       5      14      54
      21      29    2021       5       4      16      46
      27      39    2021       5       6       9       2
      56      61    2021       5       5      12       3
       9      63    2021       5       5      21      43
      33      64    2021       5       6      20      21
      50      41    2021       5       6       7      21
      59       0    2021       5       4      19      52
       8       1    2021       5       6      12      14
       6      48    2021       5       4      14      32
      50       8    2021       5       6      21      33
      34       5    2021       5       5      17      59
      63      44    2021       5       5       8       4
      30      23    2021       5       5      16       4
      43       4    2021       5       6      14      55
      41      34    2021       5       6      11      26
      64       4    2021       5       5      23       0
      32      33    2021       5       5      18      42
      31       1    2021       5       6       2      19
      39       9    2021       5       4      14      52
      60      32    2021       5       5      22      50
      46      60    2021       5       5      16      20
      58      63    2021       5       4      16      25
      15       6    2021       5       4      23      35
      13       2    2021       5       4      11      24
       0      21    2021       5       4      12       5
      58      13    2021       5       4      22       6
      27      55    2021       5       5       4      41
       4      34    2021       5       5      19      54
      65      47    2021       5       4       4      47
      16      30    2021       5       4      19      40
      64       5    2021       5       6      17      15
      58       3    2021       5       5      15      33
       6      67    2021       5       5      12       9
      27      12    2021       5       6      15      34
      27      35    2021       5       4       4      54
      35      47    2021       5       5      11      30
      52      61    2021       5       5       5      58
      32      46    2021       5       4      13      45
      64      47    2021       5       4      10      27
      67      58    2021       5       6      12      31
      62      59    2021       5       5      22      21
      33      18    2021       5       4      15      44
      21      27    2021       5       6       6      39
      36      66    2021       5       6      21      13
      24      38    2021       5       5       0      43
      22      56    2021       5       4       7       4
       8      58    2021       5       6       3      17
      31       9    2021       5       6       4      33
      59      38    2021       5       6      12       5
      35      47    2021       5       6       8      43
      18      51    2021       5       4       3      44
       3      17    2021       5       4       9      21
      51      45    2021       5       5       2      55
      68      45    2021       5       6       8      45
      41      58    2021       5       5      12      48
      49      65    2021       5       5      10      40
      26      68    2021       5       6      13       0
      36      47    2021       5       5      10      53
      41      16    2021       5       5      23      32
      55      59    2021       5       5      14      48
      22      58    2021       5       4      19      10
      57      11    2021       5       4       2      20
      12      53    2021       5       6      10      51
      19      18    2021       5       5      21      53
      31      26    2021       5       6      14      23
      14      44    2021       5       6      20       3
      10      53    2021       5       4      21      37
      52      59    2021       5       4       5       2
      11       1    2021       5       6       4      31
      64      21    2021       5       5       5      29
      66      10    2021       5       4      12      26
      10      12    2021       5       5      15      47
      67      47    2021       5       6       9      29
      40      48    2021       5       4       6      51
      33      43    2021       5       6      20      47
      10      11    2021       5       4      14      54
      57      31    2021       5       4      20      29
      61      49    2021       5       6       9      21
      11      28    2021       5       6      23       6
       6      41    2021       5       6      15      29
      11      46    2021       5       4       9      23
      63      57    2021       5       5      21      59
      32      10    2021       5       5       5       8
      33      67    2021       5       5      23      36
       6      31    2021       5       5      11      36
      59      52    2021       5       4       5      26
      30      16    2021       5       5       5      17
      47      17    2021       5       6       5      34
      14      55    2021       5       4       4      14
      60      45    2021       5       4       8      21
      30      12    2021       5       6      12      15
      26      13    2021       5       6      14      41
      69      57    2021       5       4      10      35
      10      60    2021       5       5      15      40
      17      25    2021       5       4       7      38
       8      39    2021       5       6       9       8
      60      19    2021       5       6       3      59
      52      66    2021       5       4      12      35
      24      25    2021       5       6      14      14
      13       8    2021       5       6       5      21
       7      65    2021       5       6       8       8
      30      62    2021       5       5       9      58
       9      45    2021       5       4      16       9
      48      28    2021       5       6      22      12
      41      55    2021       5       4      17      53
      45      44    2021       5       4      22      57
      49      58    2021       5       6      13      19
      70      55    2021       5       5       1      18
      37      66    2021       5       6      13      37
      61      44    2021       5       5      21      26
      68      28    2021       5       6      11      27
      22      29    2021       5       4       0      36
      68      67    2021       5       5       0       9
      39      42    2021       5       4       6      12
      55      10    2021       5       5       3      15
      22      70    2021       5       6      14      23
      30      33    2021       5       4       1      27
      24      40    2021       5       5      11      52
      10      53    2021       5       4      18       8
      29      48    2021       5       4      16      37
      46      35    2021       5       6      22      40
      13      60    2021       5       5       6      18
      63      47    2021       5       5      15      41
      21      10    2021       5       6       8      50
      28      58    2021       5       4       1      44
      51      48    2021       5       4       2      46
      50      22    2021       5       6       8      49
       5      57    2021       5       5       4      39
       8      14    2021       5       5      10      27
      21      50    2021       5       4      23       6
      10      57    2021       5       5      16       3
       6      21    2021       5       6       5      24
       9      67    2021       5       4       6      40
      63      62    2021       5       6      12       4
       0      32    2021       5       6       4      31
      40      24    2021       5       5      18      53
      63      61    2021       5       5      12      56
       6      68    2021       5       6       1      28
      46      58    2021       5       5       7       3
      64      58    2021       5       4       0      28
      29      14    2021       5       4       6       4
      48      27    2021       5       4      20       7
      16      19    2021       5       5      20      42
      40       9    2021       5       6       0      19
      33      14    2021       5       5       3      41
      39       3    2021       5       5      21       6
       1      57    2021       5       6      20      48
      35      61    2021       5       6      20      19
      52      59    2021       5       4      19       2
      27      63    2021       5       5       3       0
       1      55    2021       5       5      12      47
      60      11    2021       5       6       2       4
       6      60    2021       5       6       2      28
       4       1    2021       5       6      10      54
      55      16    2021       5       6       7      19
      16      45    2021       5       5       1       3
      21      59    2021       5       4       5      14
      45      20    2021       5       5      18      40
       5      17    2021       5       5      20      44
      27       1    2021       5       6      20      28
      65      47    2021       5       6      14      53
       6       0    2021       5       4      15       6
       6       4    2021       5       5       0      30
      32      42    2021       5       4      21      34
      42      22    2021       5       4       9      32
      69      64    2021       5       4       9      55
      46       3    2021       5       4       9      28
      61      13    2021       5       6       5      55
      50      53    2021       5       6      23      49
      50      39    2021       5       4      19      10
      18      44    2021       5       5      15      48
      66      66    2021       5       4      20       0
      17      33    2021       5       4       5      51
      35      69    2021       5       4      17       7
      59      28    2021       5       6      22       8
      22      55    2021       5       5       9      13
      15      21    2021       5       4      16       5
      36      48    2021       5       4      17       5
      30      48    2021       5       6       3      48
      25      62    2021       5       4      21       0
      69      31    2021       5       5      10      22
      19      23    2021       5       4       0      21
      41      49    2021       5       6      15      32
      23      65    2021       5       6      20      14
      57      42    2021       5       6       0      21
      65      68    2021       5       5       0      56
      34      44    2021       5       5      11       4
       4      50    2021       5       4      23      46
       5      53    2021       5       6      10      13
      14      26    2021       5       5      23      47
      56      32    2021       5       6       4      40
      19      64    2021       5       5       6      58
      38      33    2021       5       5       9      44
      51      55    2021       5       5      16       2
      25      53    2021       5       5      21      45
      13      68    2021       5       4       5      32
      35       5    2021       5       4      20      14
      54       4    2021       5       4      23      14
      28      20    2021       5       5      10       5
      54      55    2021       5       4      19      42
      64      63    2021       5       5       8      23
      58      41    2021       5       5      10      13
      25      44    2021       5       6      19       1
       5      70    2021       5       5      18      17
      13      59    2021       5       6      21      32
      61      58    2021       5       5       2      49
      39      20    2021       5       4      16      13
      31      67    2021       5       4      17       8
      66      47    2021       5       5      12      18
      55      38    2021       5       5       4      33
      25      69    2021       5       5      10      59
      43       7    2021       5       6      10      50
      49      29    2021       5       4      23      36
      14      34    2021       5       6      18      49
      63      14    2021       5       5      19      20
      54      53    2021       5       5       5      16
      44      61    2021       5       6       3      28
       2      16    2021       5       6       4      36
      23      54    2021       5       6      22      57
      68      30    2021       5       5      12      23
      28      58    2021       5       6      11      57
      15       5    2021       5       6       5      51
      23      36    2021       5       4      14      21
      61      25    2021       5       6       7      13
      70      70    2021       5       4      23      56
      45      17    2021       5       4      13      40
      11      29    2021       5       5      22      22
      16      19    2021       5       5      18      15
      67      38    2021       5       5      12      13
       2      55    2021       5       4      18      37
       4       3    2021       5       5       3      26
       9      28    2021       5       6       2      27
      10      52    2021       5       4      15      54
      32      18    2021       5       4      19      18
      69      68    2021       5       4      22      30
      50      39    2021       5       5      18      28
      10      56    2021       5       5      20      47
      18      22    2021       5       5      10      46
      36       7    2021       5       4      10      50
      10      66    2021       5       4       2      36
      25      66    2021       5       5      12       0
      18      25    2021       5       5      21      11
      52      57    2021       5       6      14      10
       0      66    2021       5       4       2       1
      23      66    2021       5       6       2       9
      61      68    2021       5       6      19      22
      27      14    2021       5       4      22      31
      60      21    2021       5       6      17      25
      28      48    2021       5       4      22      28
      52      67    2021       5       5       4      50
      33       2    2021       5       6       1      51
      65      51    2021       5       5       9      24
      70      61    2021       5       4       2      11
      21       4    2021       5       4      15      34
      68       1    2021       5       5      21      10
      51      34    2021       5       4      13      31
      59      63    2021       5       5       5      54
      46      70    2021       5       6       1      19
      58      35    2021       5       6      23      39
      55       0    2021       5       6      16      25
      32       2    2021       5       6      23      21
       9      18    2021       5       5       5       4
      36       6    2021       5       5      23      40
      10      46    2021       5       5       3      30
      48       3    2021       5       6       2      22
      62      50    2021       5       6      16      10
      66      35    2021       5       6      21      32
      44      59    2021       5       4       5       4
      69       2    2021       5       6       0      32
      67      44    2021       5       5      16       1
      67      13    2021       5       4       6      58
      49      12    2021       5       6      17      12
      53      34    2021       5       5      16       7
      59       6    2021       5       4       7      51
      45      51    2021       5       5      23      54
      36      51    2021       5       4      14      59
      62      19    2021       5       5      19      38
       2      17    2021       5       5       5      39
      22      69    2021       5       5      21      55
      24      60    2021       5       6       7      19
       5      28    2021       5       6       1       2
       6      45    2021       5       5      22      50
      59      19    2021       5       4       8      18
      17      35    2021       5       6       0      59
      56      14    2021       5       5       2      36
      29      45    2021       5       4      16      32
      24      58    2021       5       4       0      13
      67       3    2021       5       4       8      42
      68      69    2021       5       6      16      34
       0      18    2021       5       6       8      59
      20      48    2021       5       6       5      23
      27      70    2021       5       6      19      22
      43      18    2021       5       4      18       4
      65      37    2021       5       6       6      41
      69      13    2021       5       6      18       3
      34      49    2021       5       6      21      35
      23       2    2021       5       5      19      18
      52      50    2021       5       5       3      23
      38      19    2021       5       5      15      19
      12      27    2021       5       6      12      46
       9       7    2021       5       5       4      55
       3      45    2021       5       4       3      15
      12      31    2021       5       5      13      21
      35      21    2021       5       4      14      14
      25      29    2021       5       4      15      19
      45      16    2021       5       5      16      44
      51      24    2021       5       4      14       4
      23      57    2021       5       4      22      57
       8      28    2021       5       5      17      17
      28      38    2021       5       6      18      33
      37      55    2021       5       5       3       0
      56      60    2021       5       5      20       2
      24      27    2021       5       5       3      55
      11      22    2021       5       4      13      16
      27      65    2021       5       4      22      19
      43      25    2021       5       4      21      57
      19      32    2021       5       5      14      32
      42      27    2021       5       6      14      30
       5      13    2021       5       5       9      11
      45      55    2021       5       5       5       9
      60      62    2021       5       5       3      18
      18      27    2021       5       6      15      25
      53      51    2021       5       5       6      43
      61      41    2021       5       5       3      46
      16      61    2021       5       6       1      57
      41      31    2021       5       5      21      52
      15      40    2021       5       6       9      51
      21      44    2021       5       6       7      50
       3      33    2021       5       6       6       5
       5       2    2021       5       4       4      49
      60      45    2021       5       6       1      40
      22      68    2021       5       4      18      26
      49      13    2021       5       4       9      24
      42      44    2021       5       5      16      22
      29      54    2021       5       5      22      42
      29      23    2021       5       4       1      45
      52      28    2021       5       5       8      48
      14      20    2021       5       4       4      56
      14      30    2021       5       5       3      27
      45       0    2021       5       5       9      46
      54      68    2021       5       5       6      37
       8      54    2021       5       4       5      33
      37      26    2021       5       5       5      52
       9       1    2021       5       5      11      58
      27      18    2021       5       6      20      25
      20      55    2021       5       5       2      20
      35      32    2021       5       6      21      30
      22       9    2021       5       6      19      22
      68       4    2021       5       5       3       6
      67      35    2021       5       4      19      43
      41      38    2021       5       5       5      31
      28      27    2021       5       6      17      16
      58      26    2021       5       5      13      49
      53      25    2021       5       6      21      43
      22      26    2021       5       6      12      42
      22      46    2021       5       5       1       0
      35      64    2021       5       4       9      33
      39      31    2021       5       6       7      10
      56      59    2021       5       6      21      16
      30      53    2021       5       4      20       5
      67      34    2021       5       5      12       6
      22       3    2021       5       6      21      53
      52      52    2021       5       4      20      50
       5      15    2021       5       4      18      19
      64      21    2021       5       6      21      23
       4      36    2021       5       4       9      55
      11      14    2021       5       4      10      49
      23       6    2021       5       6       9      17
      69      36    2021       5       4      17      47
      38      63    2021       5       6       1      37
      11       6    2021       5       5      16      59
      13       6    2021       5       5      23      40
      39      37    2021       5       5       2      42
      64      59    2021       5       5       9      40
      41      54    2021       5       4       8      58
      28      25    2021       5       6      21      11
      67      15    2021       5       5       7       1
      53      58    2021       5       6      19      36
      67      60    2021       5       6      16      10
      11      53    2021       5       4      21      51
      40      11    2021       5       4      10      53
      70      68    2021       5       6       3      15
      55      24    2021       5       4       5      44
      26      41    2021       5       6      18       3
      70      63    2021       5       5       2      19
      42      25    2021       5       4      22      40
       2      19    2021       5       5      10      36
      11      18    2021       5       4      21      58
      42      54    2021       5       5      21       9
       9      22    2021       5       6       8      37
      62      44    2021       5       4      22      59
      40       5    2021       5       5      20      35
      35      39    2021       5       4       2      45
      31      13    2021       5       5      12      40
      63      39    2021       5       5       8       8
      33      16    2021       5       6      12      50
       3      55    2021       5       4       5      16
      57      64    2021       5       6      20      10
      69      51    2021       5       6      21      48
      47       1    2021       5       6       6      59
      66       9    2021       5       5       0      32
       5      37    2021       5       5      20      55
      47      38    2021       5       6      20      15
      19      42    2021       5       5      16      14
      54      49    2021       5       5      16      36
      46      34    2021       5       4       5      16
      45       2    2021       5       6      10      23
      57      26    2021       5       4       6      30
      68      38    2021       5       4      12      35
      15       5    2021       5       4       3       0
      34      38    2021       5       4      22       9
      26      22    2021       5       6      16      19
      55      37    2021       5       5      23      30
      53      20    2021       5       4       6      34
       4       2    2021       5       4       2      20
      58      56    2021       5       4      16      59
      11      54    2021       5       6      10       5
      17      41    2021       5       4       0      49
      23      40    2021       5       4      13       8
       2      44    2021       5       4       9      47
      20       3    2021       5       5      20      20
      65      64    2021       5       5       8      38
       8      39    2021       5       4       2       0
      57      46    2021       5       6       9      57
      45       4    2021       5       5       7       7
      35      68    2021       5       4      14      43
      29      26    2021       5       5      13      56
       6      31    2021       5       4      22      56
      22      23    2021       5       6       7      13
      13      52    2021       5       4      12      45
      33      27    2021       5       4       0      57
      23      69    2021       5       4      15      38
      69      60    2021       5       5       5      26
      62      14    2021       5       4      19      41
      15       0    2021       5       6       1      43
       3       6    2021       5       6      19       1
      61      39    2021       5       6       3      24
      38      44    2021       5       6      10      10
      51      31    2021       5       5      16      52
       1       5    2021       5       4       2      38
      12      60    2021       5       4      15      11
      55      49    2021       5       4      12       8
      54      44    2021       5       6       6      43
      14      30    2021       5       4      10      42
      52      19    2021       5       6       6      21
       0      11    2021       5       5      10       6
      36      50    2021       5       4       2      29
      27      53    2021       5       6       9      17
      14      26    2021       5       6       0      49
       2      41    2021       5       6      10      47
      66      68    2021       5       6       3      58
      66      55    2021       5       4       1       2
      31      60    2021       5       4      19      18
      35       0    2021       5       6      21      27
      31      33    2021       5       4      21      23
      28      60    2021       5       6       8      18
       7       6    2021       5       6      22      34
      50      47    2021       5       5       0      51
      21      48    2021       5       4      12      48
      59      69    2021       5       4      10      59
      46      45    2021       5       4      16      30
       2      40    2021       5       6      11       3
      32       7    2021       5       4      17      51
      51       9    2021       5       4       5       7
      59       2    2021       5       5       0      28
      42       3    2021       5       4      17      12
      14      19    2021       5       5      20      23
      56      29    2021       5       4       9      54
      40      30    2021       5       6      11       2
      65      41    2021       5       5      15       8
      11      20    2021       5       5       5      13
       5      47    2021       5       6      18      18
      41      45    2021       5       4      11      35
      13      14    2021       5       4       2      24
      20      59    2021       5       5       3      49
      67       9    2021       5       4      21      37
      29      48    2021       5       4      20      49
       7      32    2021       5       5      11      26
      53      60    2021       5       6       7       1
       3      68    2021       5       6       2      47
      69      43    2021       5       4      23      10
      31      56    2021       5       4      22      24
       0       7    2021       5       4      16      16
       3      10    2021       5       4      21      36
      61      49    2021       5       4      14      37
      34      14    2021       5       6      23      48
      54      63    2021       5       4      10      45
      49      44    2021       5       5       1      58
      21      66    2021       5       4      10      43
      50      12    2021       5       6      21      18
      57      20    2021       5       5       6      50
      43      15    2021       5       4       6      25
      51      33    2021       5       6      18      54
      11      47    2021       5       5       0      25
      29      30    2021       5       4      20      25
      15      28    2021       5       6       2      39
      10      54    2021       5       5      10       4
      51      31    2021       5       4       2       0
       0      18    2021       5       4       6       5
      22      19    2021       5       6       4      54
      29      59    2021       5       4      17      37
      49      21    2021       5       5      20      50
      21      50    2021       5       5      14      51
      55      30    2021       5       5       8      36
      24      18    2021       5       4      13      16
      64      69    2021       5       6       1      47
      50      23    2021       5       6      10      27
      65      26    2021       5       6       6      23
      65      19    2021       5       5      22      10
      43      54    2021       5       5      20      34
      19      39    2021       5       5       0      40
      43      22    2021       5       6      20      58
      49       5    2021       5       6       0       9
      61      62    2021       5       4      15      49
       0      38    2021       5       6      10      57
       3       7    2021       5       5      23      33
      31      14    2021       5       5      16      11
      40       4    2021       5       4      13      52
      63      54    2021       5       5      19      52
       1      42    2021       5       6      12      22
      58      51    2021       5       6      23      51
      68      38    2021       5       6      18      16
      43      67    2021       5       5      15      44
      53      24    2021       5       6       2      21
      21      53    2021       5       5      22      59
      57      41    2021       5       6       4       8
      41      45    2021       5       4       4      10
      51      67    2021       5       6      19      46
      34      21    2021       5       5      12      35
       7      32    2021       5       5      13      43
      25      53    2021       5       4      17      51
      23      32    2021       5       6       8      37
      40      17    2021       5       5      22      19
      66      64    2021       5       5      15      50
      51      53    2021       5       5       6      25
      29      12    2021       5       6      17       7
      62      46    2021       5       4       6      27
       1       4    2021       5       6      14       1
      38      23    2021       5       6      13      46
      23       1    2021       5       6       9      38
      28      40    2021       5       4       6      39
      22      67    2021       5       5       6      26
      47      68    2021       5       6       3       3
      32      14    2021       5       4      17      47
      12      60    2021       5       5      18      59
      39      20    2021       5       4       9      56
      16      11    2021       5       5      10      45
      48      40    2021       5       5      16      40
       7      69    2021       5       6      14      44
      11      36    2021       5       6       5      29
      48      36    2021       5       5      11      43
      35      51    2021       5       6       1      19
      26      18    2021       5       6      15      12
      52      16    2021       5       4       5      37
      22      38    2021       5       5      10       6
      24      61    2021       5       6      13      49
      36      24    2021       5       5      23      39
      27       6    2021       5       5       3       0
      64      59    2021       5       4       7      59
       7      70    2021       5       6      16      44
      53      15    2021       5       5      21      51
      50      33    2021       5       4       3      22
      59      51    2021       5       6       5      55
      61       3    2021       5       4      11      51
      18      22    2021       5       6      12       3
      40      39    2021       5       5      17      28
      26      25    2021       5       4      19      39
      43      69    2021       5       5      12      25
      19      62    2021       5       6      22       4
      16      34    2021       5       4      21      39
      15      64    2021       5       5      10      58
      65       6    2021       5       5      21      55
       5      56    2021       5       5       8      10
      53       1    2021       5       6      20      34
      15      57    2021       5       5      13      10
      19      12    2021       5       5      12       8
      42       3    2021       5       6      12      39
      33      52    2021       5       5      19       2
      43      57    2021       5       4      17      36
       2      19    2021       5       4      10      10
       7      28    2021       5       4      19      56
      20      31    2021       5       5       3      59
      19      48    2021       5       6      16      21
      31      39    2021       5       6      12      31
      59      18    2021       5       6       0      41
       5      34    2021       5       4      21      31
       3      66    2021       5       5       3       4
      46      66    2021       5       4      14      26
      41      28    2021       5       6      17      48
       6       3    2021       5       6       6      12
      68      46    2021       5       5       6      18
       0      69    2021       5       4       7      57
      17      51    2021       5       4      19      42
      29      38    2021       5       5      18       2
      41      38    2021       5       6       5      51
       9      56    2021       5       6      11      13
      33      38    2021       5       5      15      34
      34      59    2021       5       6      14       6
      56      44    2021       5       5       3       4
      65      25    2021       5       4       2      58
      17      13    2021       5       6      18      14
      57      70    2021       5       4      15      44
      18      45    2021       5       6       6      23
      28      62    2021       5       6       2       3
      41      67    2021       5       6       6      33
      14      31    2021       5       5       2      59
       4      49    2021       5       4      10       1
      63      19    2021       5       6       5      51
       6      39    2021       5       5      19      31
      14      39    2021       5       4      16      53
      44      53    2021       5       5       2      35
      47      64    2021       5       5       4      48
      62      61    2021       5       5       9      30
       5      54    2021       5       4       5      52
       5      55    2021       5       6       5      55
      44      51    2021       5       4      23      52
      56      62    2021       5       5      22      37
      26      66    2021       5       6      14      26
       5      46    2021       5       5      12      25
      28      50    2021       5       5      15      31
      25      37    2021       5       4       9      30
      70       8    2021       5       5      16      53
       9      59    2021       5       5       7      49
       4      12    2021       5       6       2      11
      36      52    2021       5       6      15      23
      66      51    2021       5       6       5      39
      12      54    2021       5       5      13      52
      41      27    2021       5       4      23      32
      54       9    2021       5       4       4      10
      43      37    2021       5       6      13      25
      15      67    2021       5       6       6       6
      67      69    2021       5       5      22      29
      27      17    2021       5       5       6      59
       3      22    2021       5       4      22      47
      54      66    2021       5       5      12       4
      50      49    2021       5       6      23      55
      24      39    2021       5       6       6      25
      49      11    2021       5       4       3      24
      67      22    2021       5       4       0      32
      26       1    2021       5       6      18      52
       2      43    2021       5       6      15      21
      54      70    2021       5       5      22      26
      28      39    2021       5       4      20      57
      55      24    2021       5       5      12      11
      13      20    2021       5       5      11       3
      62      46    2021       5       5       4      39
      55      36    2021       5       4      13      20
      31      44    2021       5       5      23      37
      13      24    2021       5       4      20      28
      52      12    2021       5       6      19      11
      31      37    2021       5       6      20      30
      61      58    2021       5       5       4      30
      56      67    2021       5       6      18      57
       1      49    2021       5       6       2      31
      25       6    2021       5       6       7       2
      19       3    2021       5       5       5      39
      70      28    2021       5       6      20      17
       4       0    2021       5       6      10      10
      66      64    2021       5       4      21      46
      34      49    2021       5       4       0       9
      63      28    2021       5       6      22      38
      36      32    2021       5       4       8       0
      55      36    2021       5       4      13       2
      53      29    2021       5       4      21      42
      26       0    2021       5       6      16      18
       9      16    2021       5       6       4      34
      33      61    2021       5       6       7      24
       4      10    2021       5       5       0      30
       4      57    2021       5       4      14      19
      26      46    2021       5       6      23      41
      17      12    2021       5       4      17      48
      27      46    2021       5       5      14       6
      15      11    2021       5       4      21      16
      35      29    2021       5       4       4      30
      18      19    2021       5       5      14      55
       2      57    2021       5       6      13      55
      24      45    2021       5       6       2      53
      11      19    2021       5       5      19       0
      25      37    2021       5       6       7      17
      39      52    2021       5       6       8      29
       0      20    2021       5       6      13      47
      27      25    2021       5       5      11      43
      37      50    2021       5       6      16      26
      39      59    2021       5       5      22      28
      44      61    2021       5       5      17      57
      14      48    2021       5       5      23      26
       0       5    2021       5       6      20      24
      68      41    2021       5       4      18      48
      35      65    2021       5       4      10      23
      15      51    2021       5       4      16      27
       3      38    2021       5       5       8      11
      15       5    2021       5       5       7      15
      29      41    2021       5       6      17       5
      26      41    2021       5       5      23      50
      45      11    2021       5       4      21      53
      61      44    2021       5       6       7      20
      65      53    2021       5       4       8      48
      54      49    2021       5       4      20      56
      20      33    2021       5       5      17      16
      34      57    2021       5       4      17       6
      38      10    2021       5       4      10      42
      26      50    2021       5       4       5      37
      67      33    2021       5       6      15      10
      57      41    2021       5       4       3      10
      13      22    2021       5       6      20      26
      11      45    2021       5       4       5      22
       2      21    2021       5       5       1      18
      21      40    2021       5       6      18       4
      12       8    2021       5       6       4      10
      33      62    2021       5       5      20      27
      37      56    2021       5       4      18      29
      36      70    2021       5       4       6      55
      18      30    2021       5       4      16      17
      27      64    2021       5       4       5      30
      52      35    2021       5       6      15      28
      20      70    2021       5       5      20      47
      36      55    2021       5       6       6      16
      50      36    2021       5       4      22      51
       5      62    2021       5       5      12       8
      13      51    2021       5       4      11      59
      41      33    2021       5       4       8      10
      54      28    2021       5       5      16      12
      44       5    2021       5       4       9       2
      14      53    2021       5       6      13      17
      69       8    2021       5       4      12       9
      33      32    2021       5       4      20      46
      46      62    2021       5       5       9       7
      69      41    2021       5       4      20      33
      66      38    2021       5       6      19       6
      65      58    2021       5       5      13      22
      18       7    2021       5       5      22      35
      28       5    2021       5       6      16      24
      56      18    2021       5       4      20      28
       9      55    2021       5       6       2      30
      41       0    2021       5       4      17      28
      37       7    2021       5       5      17      19
      27      43    2021       5       4      17      35
      51      53    2021       5       5       1      18
       3      25    2021       5       5      19      47
      60      61    2021       5       4       5      45
      60      38    2021       5       5      17      53
       4      15    2021       5       6      21      38
      41      46    2021       5       6       1      40
      21      58    2021       5       6      18       6
       8      57    2021       5       4       5      26
       1      62    2021       5       6       6      16
      48       7    2021       5       4       0      54
      44      63    2021       5       6      22      11
      19       6    2021       5       5      11      31
      11      47    2021       5       5      13      57
      59      38    2021       5       5      13      19
      19      17    2021       5       6       7      38
      20      39    2021       5       4       3      47
      43      30    2021       5       5      21      28
      38      54    2021       5       5      22      17
      45      53    2021       5       6       9       2
      44      57    2021       5       4       1      15
      22      45    2021       5       5       4      57
      18      24    2021       5       4      19      49
      52      41    2021       5       6       2      12
      61      19    2021       5       6       8      12
      13       4    2021       5       6       0       4
      28      25    2021       5       4      19      20
      33       7    2021       5       6       3      22
      15      36    2021       5       6       1      26
      28      65    2021       5       6       2      17
      11      20    2021       5       4      13      26
       0      45    2021       5       6      17       8
      42      33    2021       5       5      17      42
      43      26    2021       5       6      12      29
      33      37    2021       5       4       4      48
      61      21    2021       5       6       2      51
      21      10    2021       5       6       2      43
       5      29    2021       5       5      21      14
      31      33    2021       5       4       2      58
      53      70    2021       5       5      23      50
      61      67    2021       5       4       8      18
      68      12    2021       5       5       4      21
       3      48    2021       5       5       8       8
      32      17    2021       5       4      11      47
      44      54    2021       5       4      14      32
      15      63    2021       5       4      18      44
      42       1    2021       5       6      20      55
      57      35    2021       5       4      21      40
      40      52    2021       5       4      23      24
      20      45    2021       5       5      15      23
      49       3    2021       5       5      12      41
      63      68    2021       5       5       8      34
      41      59    2021       5       6       4      28
      26      65    2021       5       6      13      57
      10      24    2021       5       4      16      55
      21      39    2021       5       4       2      19
      35       9    2021       5       6      21       3
      40      28    2021       5       6      13      27
      35      26    2021       5       5      12      25
       8      31    2021       5       5      18      13
      52       7    2021       5       6      23      13
      48      68    2021       5       5      20      57
      55      35    2021       5       4      22      32
       1      28    2021       5       5      18      35
      21      62    2021       5       6      16      57
       2      48    2021       5       4       5      26
      10      10    2021       5       4       6      36
      12      49    2021       5       6       4      58
      10      34    2021       5       5      15      52
      17      67    2021       5       5      23      51
      42      42    2021       5       6      18       8
      50      61    2021       5       4      11      37
      38      36    2021       5       4       2      19
       0      40    2021       5       6       3      42
      60      14    2021       5       6      16      53
      65      39    2021       5       6       5       1
      49      56    2021       5       4      11       7
       7      33    2021       5       5       2      10
      35      60    2021       5       5       3       4
       5      69    2021       5       5      16      25
      33       2    2021       5       4       1       3
      67       5    2021       5       4      11       5
       2      46    2021       5       5       8      39
      40      47    2021       5       5      14      56
      10       7    2021       5       4      15       3
      38       1    2021       5       5      22      17
      64      15    2021       5       4       5      10
      39      38    2021       5       5      23      31
      62      68    2021       5       4      14      53
      66      11    2021       5       6       0      55
      59      68    2021       5       6      21      47
       9      32    2021       5       4      18      19
      53       9    2021       5       6      19      10
      69      53    2021       5       5       1       9
      26      16    2021       5       6      17       3
      15      63    2021       5       5       2      49
      57      60    2021       5       4       4      58
      24      51    2021       5       5      13      19
      19      27    2021       5       6      12       4
      20      26    2021       5       5      10      21
      33      42    2021       5       4      15      24
      13       2    2021       5       6       8       3
      53      25    2021       5       4      21      12
      43       3    2021       5       5      22      56
      67      56    2021       5       5       8      29
      15      53    2021       5       4       8      28
      37      68    2021       5       6      16      12
      46      33    2021       5       4      10      37
      14      25    2021       5       4       1      11
      62      44    2021       5       6       7      54
      28      16    2021       5       6      17      50
       0      16    2021       5       5       0      39
      44      31    2021       5       6       7      11
      59       1    2021       5       4      16       2
      35      45    2021       5       6       2      26
      51      65    2021       5       4      21      40
      42       7    2021       5       6       9      12
      68      13    2021       5       5      23       3
      62      22    2021       5       5       6      57
      38      53    2021       5       6       8      53
      47      57    2021       5       6      14      37
      55      69    2021       5       4      21      26
      66      60    2021       5       6      14      58
      60      56    2021       5       6      16      48
      28       6    2021       5       6      19      59
      15       7    2021       5       4       4      32
      40      22    2021       5       4      20      17
      15      61    2021       5       6       3      44
      28      38    2021       5       5      12      37
      14      11    2021       5       5      19      38
      20      61    2021       5       5      12      33
      29      19    2021       5       5      23      15
      23      28    2021       5       4       7      12
      26      62    2021       5       5       8      12
      15      28    2021       5       4       7      43
      39      52    2021       5       6      17      39
       0       4    2021       5       4       1      27
       2      56    2021       5       6      16      49
      60      53    2021       5       4      22      24
      61      64    2021       5       5      10      21
      50      43    2021       5       5       7      26
       2      28    2021       5       4      15       0
