Number of products to send: 100
Start Cost: 6574.895562574726
Initial population
3,85,83,50,15,92,28,52,49,37,38,98,65,91,25,66,11,99,16,73,6,62,5,72,60,61,94,39,12,93,32,82,26,75,77,79,74,41,54,7,56,67,19,64,44,47,81,57,53,48,88,89,17,21,27,69,76,84,40,68,2,58,0,86,95,46,43,70,31,24,97,45,10,87,36,20,80,4,14,8,13,55,96,30,90,71,78,22,59,29,1,34,35,51,63,42,9,23,18,33,10,10,58,22,
96,69,72,11,99,67,8,16,35,1,15,86,71,29,57,34,19,49,27,65,10,85,45,82,12,32,38,84,58,48,26,0,14,22,31,74,4,28,68,75,53,21,89,97,18,81,61,42,91,44,20,98,47,3,50,6,2,73,92,13,59,83,43,64,40,9,66,80,60,77,56,24,36,52,87,46,79,93,63,33,94,54,51,23,25,95,55,70,41,37,17,88,76,7,90,5,39,78,30,62,10,10,51,29,
69,97,62,59,51,16,92,18,80,84,90,30,24,73,52,9,0,67,50,31,68,76,22,71,55,72,83,4,2,36,17,40,43,8,26,10,74,11,65,60,45,96,20,87,70,12,19,15,23,7,14,91,94,39,79,54,33,27,35,78,66,75,28,56,93,58,38,81,98,86,21,41,32,53,6,95,77,5,25,46,82,3,89,13,44,88,99,85,47,34,48,1,49,64,37,42,61,57,63,29,10,10,60,20,
7,77,60,24,89,54,93,46,52,66,70,14,3,91,39,42,0,10,59,97,76,6,21,33,99,40,83,48,81,58,87,82,92,35,28,98,71,29,16,86,37,32,2,11,94,25,19,18,62,22,64,13,63,57,51,53,56,38,79,68,20,84,65,9,95,50,45,80,8,47,31,75,17,73,23,88,34,72,12,49,69,43,74,96,67,26,30,36,15,78,27,4,55,85,1,44,90,5,61,41,10,10,58,22,
62,17,39,5,71,32,98,24,2,87,10,65,58,35,19,49,95,68,77,15,9,52,83,44,25,42,57,46,48,34,74,85,29,50,37,73,75,69,7,20,60,30,99,22,33,8,63,94,55,43,6,89,41,79,86,0,13,91,53,40,31,80,72,64,78,23,67,90,51,38,70,59,27,76,12,36,28,47,93,82,54,84,11,92,66,56,61,18,16,45,3,1,4,14,88,21,26,97,96,81,10,10,49,31,
55,70,14,83,50,16,95,0,17,72,91,36,78,46,12,19,37,25,8,10,89,38,28,84,42,60,81,34,59,49,67,45,68,35,41,9,97,62,1,51,47,73,65,75,88,21,33,23,85,94,54,3,40,93,32,66,99,48,43,6,87,69,92,52,96,86,20,77,18,63,39,64,56,26,44,79,31,15,11,76,82,29,80,57,71,2,74,30,4,7,5,53,61,27,90,58,22,98,13,24,10,10,56,24,
42,19,89,5,41,66,11,49,86,84,54,16,12,13,81,33,22,58,65,38,6,36,88,73,15,82,18,29,47,26,78,64,56,62,28,52,85,55,4,69,1,2,39,43,68,57,91,21,53,59,80,83,35,3,76,60,17,50,99,23,79,46,90,77,40,61,92,48,14,45,0,25,9,94,95,32,74,30,96,24,7,67,20,37,97,44,10,51,8,34,72,71,27,93,98,87,63,31,70,75,10,10,56,24,
5,13,74,97,10,52,8,92,84,34,61,0,63,4,2,62,89,32,58,22,1,73,72,51,60,18,9,86,87,55,70,33,46,24,31,75,57,99,25,94,80,17,96,68,56,65,19,28,16,35,41,37,69,49,15,3,23,54,38,91,78,95,79,43,59,45,36,53,20,14,26,21,81,27,47,7,66,44,88,42,90,71,48,50,11,82,67,40,12,6,30,98,93,85,76,83,77,29,64,39,10,10,56,24,
80,48,57,88,79,29,53,18,16,12,43,45,5,26,4,82,34,74,61,30,31,86,19,37,21,56,22,10,60,62,27,50,51,38,68,1,35,65,9,99,95,24,98,33,0,96,90,7,11,42,6,28,39,93,72,78,67,94,3,15,77,13,52,59,63,8,23,47,64,55,97,84,36,89,85,32,49,83,2,81,76,87,70,25,91,41,73,69,75,46,58,44,14,54,71,20,17,66,40,92,10,10,62,18,
65,83,30,8,85,52,89,25,6,33,21,55,69,75,1,72,71,11,68,18,42,46,39,13,36,41,54,94,17,57,45,26,14,76,38,66,10,62,95,91,34,31,51,24,5,79,58,4,77,53,7,87,15,49,98,19,48,60,84,80,0,64,35,90,3,22,86,9,74,61,29,73,63,16,56,59,44,32,97,92,43,2,20,99,81,50,23,27,67,78,93,12,82,88,70,37,40,96,28,47,10,10,57,23,
91,27,89,33,76,72,71,80,16,86,73,46,34,60,51,22,50,42,70,98,58,18,77,24,6,44,14,4,30,36,28,92,29,37,21,68,95,99,15,52,85,39,96,67,61,1,5,7,13,20,3,87,63,54,84,10,93,81,23,78,12,83,35,49,47,79,0,65,38,31,26,17,25,8,74,9,45,2,90,69,53,88,64,66,55,41,32,11,94,48,82,43,97,40,19,75,59,62,57,56,10,10,50,30,
11,42,7,15,75,46,81,95,99,67,82,63,70,2,39,22,35,27,80,97,36,8,14,48,68,16,79,28,20,60,4,94,57,98,24,64,93,62,10,9,45,96,18,90,3,52,51,54,83,78,6,5,41,43,89,19,21,25,49,88,71,65,17,72,84,26,73,33,55,47,66,34,31,69,91,37,85,12,30,86,92,77,38,76,74,0,23,61,1,53,56,50,59,44,87,29,58,40,13,32,10,10,53,27,
63,48,40,25,47,58,87,5,97,56,42,55,11,90,94,70,73,35,18,34,93,57,62,72,13,61,26,92,52,79,66,9,41,22,7,20,45,80,29,74,53,91,86,31,83,68,32,71,81,38,19,16,99,14,49,24,84,2,46,43,36,4,54,95,44,50,75,10,78,82,59,12,76,28,3,0,30,51,65,1,27,37,77,15,33,17,60,39,69,89,98,67,6,64,23,85,21,88,96,8,10,10,54,26,
74,42,65,21,60,41,81,67,93,30,28,12,73,35,83,58,27,86,51,26,47,22,16,31,3,8,71,37,49,0,54,23,59,63,84,98,88,76,13,64,18,7,85,17,91,92,34,1,78,14,96,97,40,56,48,38,90,33,52,45,89,77,87,82,4,39,20,95,19,55,75,66,80,36,53,50,24,72,99,62,57,70,9,11,69,32,68,94,43,10,15,61,29,25,46,44,79,6,5,2,10,10,56,24,
55,87,67,31,80,21,44,46,18,22,14,76,11,32,60,40,82,56,53,62,16,25,48,66,12,23,72,77,65,93,37,33,71,64,7,17,2,69,34,50,52,49,36,15,98,20,94,90,0,42,24,59,47,28,51,73,1,43,61,27,81,26,74,85,78,9,58,19,8,3,84,10,70,13,29,95,97,39,89,5,96,88,54,63,4,45,79,86,91,92,75,57,30,38,6,68,83,41,99,35,10,10,52,28,
45,80,97,13,94,27,39,61,66,41,65,30,64,24,78,3,53,88,85,56,96,50,47,84,81,21,31,7,77,15,98,18,26,75,79,82,25,33,9,68,95,60,36,37,59,87,35,17,54,34,5,51,70,99,20,58,12,92,55,38,22,48,71,46,91,6,76,57,86,63,74,49,62,23,93,19,32,4,69,42,72,52,43,28,14,40,83,11,90,89,0,2,10,29,44,1,8,16,67,73,10,10,54,26,
10,0,66,76,64,68,16,36,80,69,88,17,99,52,77,92,71,22,58,65,57,13,67,78,43,70,1,81,55,91,61,54,47,42,24,3,29,60,4,95,27,6,38,12,26,20,62,45,63,33,8,50,85,19,49,51,2,97,84,59,5,82,93,46,86,39,34,96,21,98,31,73,23,25,9,32,83,11,30,75,87,94,14,72,40,41,74,15,35,28,56,7,48,90,37,89,44,53,18,79,10,10,53,27,
22,93,26,97,27,23,3,82,41,42,14,53,63,21,6,88,52,54,66,13,87,19,16,81,71,69,99,55,10,24,64,77,85,34,49,18,94,33,8,56,65,80,44,84,48,5,25,43,83,0,7,37,20,15,59,2,74,75,32,36,70,68,30,40,39,72,28,31,62,89,12,92,45,29,57,98,1,35,60,4,61,67,46,90,76,17,79,11,95,47,96,51,38,58,50,9,86,78,91,73,10,10,58,22,
47,28,39,73,92,2,91,0,43,99,94,82,32,67,42,29,15,87,54,66,19,38,53,72,40,25,7,55,10,3,11,97,63,90,51,57,56,24,76,20,33,18,78,45,70,48,52,60,12,80,58,8,5,41,44,22,23,88,49,62,98,96,81,4,34,86,84,17,61,21,46,89,64,30,59,6,71,83,14,13,36,35,27,26,93,85,16,77,69,1,74,65,31,50,79,75,37,9,95,68,10,10,51,29,
3,45,19,47,17,72,69,62,77,36,50,31,86,7,8,53,44,97,68,28,11,79,61,29,46,24,81,48,59,88,32,39,12,60,26,51,57,91,92,56,22,40,37,89,99,55,94,85,18,66,58,74,21,76,9,95,75,4,25,71,33,10,27,78,16,42,0,80,35,93,64,43,83,1,96,98,13,82,23,38,65,49,54,70,87,34,52,67,90,63,84,14,73,30,41,2,5,20,15,6,10,10,57,23,
77,44,45,91,15,58,33,8,66,50,53,82,25,79,26,97,2,75,86,29,47,30,67,96,99,65,28,90,38,24,95,13,0,43,41,37,40,49,19,64,22,55,12,63,72,31,51,27,61,32,69,56,42,11,6,4,98,80,83,52,60,54,87,74,59,71,92,85,94,70,17,62,10,46,20,89,76,88,93,5,34,7,68,48,36,73,57,16,35,18,81,14,21,3,9,78,23,39,1,84,10,10,53,27,
7,11,60,99,13,54,62,0,88,49,4,17,94,56,80,41,34,10,36,93,16,76,32,30,68,1,85,74,3,92,87,22,57,55,35,29,50,64,20,52,40,69,51,42,66,67,39,91,38,2,31,28,48,44,86,90,15,83,81,63,27,33,61,97,21,43,98,95,24,12,47,82,89,65,8,23,53,70,45,71,79,18,75,5,19,26,77,37,6,58,9,25,46,96,73,78,72,84,59,14,10,10,47,33,
31,48,30,16,19,92,76,12,43,18,26,88,72,77,11,35,52,46,83,24,45,4,6,9,10,56,84,69,91,13,54,79,67,75,37,68,59,57,81,34,97,25,33,14,41,80,99,21,39,78,85,50,96,22,66,74,29,53,49,87,2,32,5,93,86,51,28,71,90,73,20,89,63,47,65,62,61,82,94,3,64,95,36,23,0,44,40,70,15,17,8,60,38,7,98,58,27,1,55,42,10,10,52,28,
41,57,16,27,29,40,20,68,61,53,92,60,8,30,50,83,6,75,44,18,64,33,54,28,74,67,72,76,37,19,9,85,90,55,7,82,71,96,10,52,39,15,89,94,59,62,95,99,2,13,80,63,58,12,31,0,38,69,23,5,14,86,47,17,46,4,43,91,21,35,49,45,42,26,93,78,36,32,84,34,98,77,22,1,97,87,11,25,51,24,88,48,79,66,70,3,56,65,81,73,10,10,54,26,
31,96,6,2,71,93,87,47,39,64,8,81,41,32,10,3,72,7,92,17,11,51,30,43,75,28,9,33,1,5,77,69,15,76,16,40,66,4,19,73,59,80,82,36,42,60,55,97,14,88,45,21,34,44,99,63,79,98,50,83,89,35,57,68,53,48,95,49,23,74,62,56,12,54,29,52,65,38,70,37,85,86,25,58,0,13,27,24,61,46,67,18,78,22,94,26,84,90,20,91,10,10,60,20,
60,12,79,66,5,46,82,50,18,68,48,25,2,39,30,8,19,51,93,0,63,7,95,86,80,28,9,6,85,53,10,75,47,87,88,14,31,59,54,52,26,90,17,37,94,78,43,32,3,49,21,99,34,23,29,96,97,16,45,62,33,40,74,27,73,98,69,56,1,89,70,20,36,41,77,13,61,76,24,55,71,92,35,4,11,58,67,64,72,84,65,44,81,91,15,57,38,22,42,83,10,10,56,24,
37,36,12,65,41,66,51,8,94,39,96,53,17,2,42,45,78,63,40,19,48,71,22,90,81,82,31,57,73,98,95,21,62,97,1,93,84,83,79,30,5,34,64,59,58,77,32,92,72,29,16,99,26,86,68,76,14,27,9,46,54,60,35,49,0,85,11,13,4,43,10,47,61,69,80,55,88,44,28,15,24,18,74,89,23,67,91,20,52,3,7,87,50,25,33,75,6,38,56,70,10,10,59,21,
42,91,60,49,78,94,73,7,83,48,16,56,53,47,39,75,77,63,67,14,81,57,12,70,23,31,55,4,89,1,98,15,87,9,17,45,28,2,64,30,97,8,52,82,11,99,58,40,65,93,46,92,25,51,38,66,84,96,72,44,20,34,33,27,74,32,68,36,50,86,41,29,10,3,59,5,62,37,24,22,76,88,69,35,95,26,43,18,61,90,80,54,6,13,0,71,85,19,21,79,10,10,55,25,
10,13,67,14,17,18,4,47,11,8,29,52,57,75,31,55,80,76,54,26,68,53,90,99,35,37,71,39,27,72,65,28,43,24,48,61,94,78,44,58,5,34,62,85,81,33,89,22,46,87,70,21,1,60,96,2,83,19,30,86,32,20,77,88,50,56,79,69,84,73,25,64,93,82,42,49,23,45,51,0,36,40,59,63,66,91,92,97,7,95,9,12,6,38,41,3,16,15,74,98,10,10,52,28,
14,38,34,86,13,96,24,18,44,40,89,55,66,35,23,47,45,11,26,92,79,60,21,20,52,88,72,6,54,36,0,16,58,12,25,83,42,90,67,2,69,8,1,71,32,37,84,70,4,19,3,50,97,53,22,64,62,10,63,30,93,75,49,56,94,31,82,74,43,29,51,39,41,68,61,91,77,76,28,46,17,59,85,27,33,80,99,98,5,57,73,78,95,15,9,7,81,87,65,48,10,10,60,20,
15,51,45,37,21,22,60,40,54,42,8,34,76,92,70,16,84,89,59,66,26,4,71,23,19,86,9,65,77,73,96,18,2,25,38,95,53,1,68,74,63,33,82,39,27,44,48,83,6,97,81,0,79,36,52,78,80,13,20,3,55,69,67,88,47,35,99,61,41,94,17,62,58,29,31,7,11,75,85,57,5,50,91,14,24,10,49,87,98,12,56,30,64,72,90,28,46,93,43,32,10,10,54,26,
45,79,95,31,19,11,27,1,30,6,23,64,5,57,71,53,96,14,35,62,93,12,10,90,37,7,36,43,82,20,50,44,17,87,94,86,25,0,54,73,56,46,61,98,63,40,2,15,8,66,47,59,65,84,85,69,48,3,99,70,26,68,39,80,16,28,18,81,83,51,60,32,67,9,22,55,13,38,78,52,24,75,91,74,49,33,72,77,89,34,76,41,29,92,42,88,21,58,4,97,10,10,59,21,
55,60,12,34,1,47,58,26,49,50,71,90,7,52,14,65,73,29,21,33,66,27,85,79,74,84,88,31,8,77,13,10,86,44,37,18,17,4,19,64,2,6,69,32,35,39,36,63,75,76,67,54,82,53,3,93,24,99,91,20,48,95,30,81,38,61,59,23,41,72,56,89,28,46,80,25,0,83,16,70,9,15,92,11,40,62,43,97,87,68,22,51,96,78,42,94,57,5,98,45,10,10,56,24,
68,46,62,94,60,11,7,25,83,59,56,78,55,80,69,6,86,49,63,36,53,35,4,8,70,98,12,5,92,91,61,51,97,37,52,20,14,28,67,38,30,82,58,72,89,50,40,76,75,29,85,87,9,23,18,88,27,64,44,13,39,32,66,34,19,21,24,45,2,93,48,99,71,42,57,10,43,15,73,77,41,54,26,3,65,84,31,22,90,47,95,81,79,16,0,33,1,17,74,96,10,10,59,21,
52,19,3,50,53,1,94,96,10,40,49,0,15,31,66,72,29,43,67,98,65,95,55,99,18,14,64,33,60,2,85,47,36,51,25,20,27,61,32,48,69,76,35,87,58,71,86,30,56,82,84,63,68,78,89,46,45,16,73,34,12,88,6,8,81,79,97,11,39,54,24,38,62,44,57,90,92,5,28,59,17,21,41,74,93,26,9,42,37,22,4,83,13,70,23,77,7,91,75,80,10,10,57,23,
60,57,25,18,85,30,74,56,55,94,46,82,10,14,63,87,23,40,39,65,24,49,44,72,50,53,97,34,79,62,1,69,7,2,37,31,77,13,21,90,27,5,89,11,88,91,64,81,15,12,41,75,29,20,86,36,26,54,43,61,93,96,42,52,35,0,95,45,67,58,22,76,48,78,66,59,6,73,19,71,51,28,83,92,9,17,38,16,80,47,99,68,33,3,98,4,32,70,84,8,10,10,58,22,
54,77,23,60,20,44,55,28,15,59,26,32,1,92,11,8,39,56,4,57,50,63,22,85,97,58,42,30,2,61,88,41,87,24,10,95,35,67,70,81,37,36,3,99,17,91,78,34,73,21,79,16,75,18,94,9,90,68,51,12,93,74,27,69,40,76,7,6,25,83,45,19,96,52,65,53,89,38,72,47,29,14,31,33,82,80,0,66,84,48,5,71,46,86,64,98,43,13,62,49,10,10,61,19,
56,15,12,4,64,47,86,41,28,89,14,32,7,65,23,17,54,81,0,77,94,78,9,1,21,37,16,31,2,43,52,27,20,22,97,96,66,72,48,33,19,13,69,18,40,3,90,55,36,49,88,24,46,80,5,91,59,35,82,92,42,95,6,98,79,29,84,60,39,11,30,38,26,83,73,58,71,85,61,93,76,50,63,87,45,99,67,70,10,44,51,34,8,62,68,25,74,57,53,75,10,10,55,25,
99,41,53,59,52,55,24,7,81,85,45,27,89,95,86,73,96,35,65,32,49,21,72,26,43,37,12,76,98,92,54,39,20,70,33,66,46,5,77,8,62,19,74,69,63,22,87,91,1,4,40,79,17,0,25,71,64,82,58,97,84,78,75,3,93,60,10,28,94,11,34,23,67,14,18,9,51,50,13,68,48,83,38,57,88,44,36,90,61,29,16,2,80,6,15,42,30,47,56,31,10,10,51,29,
79,7,48,42,51,23,60,12,96,29,4,24,44,25,36,66,69,8,90,10,62,43,89,64,21,53,99,83,84,49,95,54,35,22,80,75,34,74,28,13,86,38,16,87,39,73,19,20,45,2,14,85,37,92,82,0,58,40,30,17,81,70,47,55,65,27,97,6,77,94,93,50,52,71,57,11,56,1,5,61,26,59,91,63,9,72,32,67,46,15,3,88,68,31,98,76,78,33,41,18,10,10,58,22,
61,60,29,35,41,73,77,80,21,54,46,28,31,12,65,52,11,63,34,23,83,91,88,89,6,22,81,18,33,36,32,9,67,37,94,7,82,4,2,8,70,79,17,87,68,16,13,44,40,86,59,24,19,85,27,58,98,3,0,72,55,97,75,53,48,25,93,78,15,95,57,66,96,39,92,20,76,26,49,14,74,42,43,64,90,47,10,30,5,84,71,62,99,50,56,51,45,38,1,69,10,10,61,19,
90,41,81,59,38,74,46,96,54,67,69,18,45,10,22,63,76,48,27,29,95,68,44,11,99,24,86,57,34,20,21,12,78,98,7,65,82,6,5,89,42,1,25,75,40,55,61,36,62,70,13,31,26,28,32,53,73,0,43,97,37,17,87,33,51,2,23,60,91,52,93,8,79,80,39,85,92,71,3,4,14,77,9,66,15,50,58,83,64,16,72,84,49,94,47,56,35,88,30,19,10,10,55,25,
93,44,16,56,0,18,53,50,32,23,13,37,40,10,27,69,86,61,77,47,21,90,70,3,78,85,59,42,28,98,45,99,68,58,46,9,75,73,65,35,87,43,6,4,33,24,14,96,97,34,12,19,8,20,74,22,83,71,79,76,95,1,11,57,52,5,88,31,30,67,84,55,26,36,7,15,2,39,48,81,92,94,49,29,25,54,64,41,63,51,72,60,82,62,91,66,17,89,38,80,10,10,49,31,
70,76,25,31,41,14,78,50,58,77,10,52,61,63,40,65,81,32,23,51,57,0,27,60,74,21,75,17,90,13,39,3,36,42,54,5,80,98,84,43,2,87,37,30,47,26,29,91,45,1,56,97,6,16,9,55,99,22,72,28,59,88,44,92,53,11,46,12,73,24,15,48,66,68,96,67,82,34,4,93,18,38,79,20,69,35,33,94,49,62,64,71,8,85,19,89,83,7,95,86,10,10,59,21,
37,76,89,27,44,71,41,68,96,30,32,22,65,60,19,1,64,70,17,72,88,16,58,53,39,57,78,36,86,73,62,8,12,74,14,2,92,18,52,5,84,80,45,59,24,7,99,54,85,6,40,51,11,9,61,48,49,0,3,23,94,42,47,26,90,10,20,38,98,95,13,35,97,15,81,33,29,56,87,25,28,21,79,43,83,31,50,4,66,67,63,77,82,91,75,55,93,69,46,34,10,10,63,17,
30,75,25,99,60,90,11,36,93,6,5,91,23,13,18,20,26,17,87,2,51,66,65,78,0,84,35,69,89,73,70,86,12,68,34,7,64,31,58,74,28,59,22,40,3,15,72,39,38,45,14,94,9,80,88,82,42,67,27,85,97,44,16,79,1,83,52,62,8,33,10,76,56,71,98,24,54,92,48,32,55,96,53,19,61,46,81,21,57,95,37,4,49,43,50,63,41,29,77,47,10,10,48,32,
74,51,96,15,57,66,79,4,18,27,26,34,70,46,62,41,0,5,6,17,76,2,73,11,52,47,81,30,55,22,54,25,13,80,93,28,9,40,1,32,59,56,37,71,83,58,86,98,50,10,67,75,23,99,36,14,65,87,97,84,49,44,92,91,77,82,45,64,69,21,48,43,89,95,16,90,38,61,78,39,60,42,8,24,72,63,88,85,53,68,29,12,31,20,19,35,7,94,3,33,10,10,62,18,
23,46,76,78,35,94,98,85,25,41,69,93,90,64,20,58,3,61,57,2,84,51,11,67,48,77,17,81,40,45,97,36,9,30,65,87,54,68,70,79,43,4,13,60,15,96,86,80,37,82,6,72,22,74,71,56,44,59,29,49,55,12,24,32,62,34,52,83,39,42,10,21,18,28,88,53,14,92,0,5,73,31,91,63,38,75,33,50,47,89,26,1,99,66,16,8,95,7,27,19,10,10,45,35,
29,42,46,7,72,4,66,56,92,11,15,53,65,50,33,73,97,45,2,78,26,25,81,27,17,94,39,96,20,57,34,67,12,0,64,43,14,84,69,76,19,70,83,28,63,77,48,60,21,80,71,24,5,47,88,13,49,52,58,74,98,37,82,18,40,79,23,87,91,99,38,85,16,86,30,36,10,55,51,68,93,3,32,41,75,62,31,54,61,6,90,22,59,9,44,95,35,8,1,89,10,10,52,28,
11,72,14,38,88,69,47,59,41,29,23,2,36,62,99,73,48,44,46,51,78,5,92,83,18,85,75,55,31,66,81,74,0,27,89,25,58,49,86,37,79,67,77,28,4,10,30,32,50,9,87,42,76,63,61,43,39,82,15,68,3,96,40,8,93,94,33,17,80,97,45,6,64,95,57,54,53,90,24,13,65,7,20,56,71,21,70,98,16,35,12,91,19,52,26,60,34,1,22,84,10,10,53,27,
94,24,91,96,65,72,58,26,25,2,39,43,93,36,16,32,20,46,10,78,66,17,13,42,34,86,11,90,99,98,37,33,59,19,28,44,68,81,89,64,9,92,29,54,30,80,15,97,52,79,73,82,41,67,12,7,53,21,84,49,23,77,4,45,61,56,48,70,74,40,1,87,31,0,62,71,3,76,22,75,47,69,95,27,38,85,5,83,6,88,14,8,63,18,60,50,57,55,51,35,10,10,50,30,
63,50,72,12,4,94,22,28,61,5,58,55,73,23,27,60,16,62,30,44,84,51,6,31,67,46,17,81,93,66,68,10,45,20,40,48,54,97,7,86,34,14,99,88,64,79,39,75,92,33,2,8,65,77,90,36,9,38,83,19,52,43,98,37,89,56,87,21,57,42,76,26,71,95,32,3,69,74,47,35,82,91,18,24,53,49,15,29,41,70,11,78,0,85,80,1,96,25,13,59,10,10,59,21,
33,68,87,38,22,8,63,78,2,93,62,99,21,5,11,74,48,88,10,89,25,6,41,16,86,51,43,73,52,35,98,0,45,49,9,3,59,70,69,84,76,67,30,96,81,92,12,54,24,42,20,27,19,80,94,40,39,77,28,64,83,71,17,15,34,23,13,75,53,57,36,56,47,90,91,85,29,26,7,44,4,79,95,1,58,18,46,50,61,82,65,72,60,97,55,14,31,32,66,37,10,10,59,21,
58,35,87,20,39,6,53,16,65,11,51,80,66,0,3,75,78,76,44,29,48,55,43,37,90,60,98,8,57,88,10,33,97,61,40,13,64,79,5,14,9,73,24,63,70,28,93,1,84,30,31,82,99,23,25,38,26,17,56,92,77,49,22,86,15,21,62,4,59,96,18,45,81,91,36,52,68,69,94,50,46,54,83,85,72,74,42,71,95,67,47,7,19,41,32,12,2,34,89,27,10,10,58,22,
47,98,71,23,69,4,99,92,50,33,37,6,17,61,25,81,45,62,52,76,74,66,26,10,75,64,15,27,46,77,78,85,73,20,63,41,91,88,93,43,40,72,3,24,97,59,90,8,29,53,79,42,31,49,34,32,22,36,82,58,86,9,83,51,12,18,7,48,38,28,94,11,2,55,65,39,16,54,80,56,14,95,19,13,5,30,44,35,57,0,70,21,84,60,96,1,68,67,89,87,10,10,55,25,
70,88,34,44,68,74,65,13,57,71,1,49,66,87,98,47,56,79,41,23,73,39,11,9,64,61,62,89,32,72,48,27,2,0,40,76,52,42,26,10,82,24,28,50,77,29,25,97,33,96,5,90,6,30,53,93,69,43,35,95,59,94,37,63,7,99,51,18,86,84,67,14,19,91,38,22,4,46,85,81,16,92,8,60,17,36,75,55,80,54,12,58,78,20,45,83,21,15,3,31,10,10,62,18,
69,27,79,45,77,68,93,70,94,58,42,99,14,12,48,61,81,66,39,23,74,71,18,46,80,91,59,28,19,83,40,82,31,65,73,0,49,5,60,57,9,97,32,64,89,15,37,53,90,51,33,30,63,38,98,95,76,1,78,24,10,35,3,43,2,44,7,13,29,54,72,92,8,55,16,67,11,34,36,6,85,84,20,87,22,47,41,26,86,4,96,88,56,25,17,50,62,75,21,52,10,10,61,19,
53,30,15,8,47,26,76,28,69,87,56,11,67,46,7,54,84,86,52,21,16,71,75,48,60,1,33,42,19,64,81,58,57,51,68,59,49,85,23,32,12,66,80,93,0,4,77,44,65,61,40,78,3,99,82,88,63,17,94,10,96,38,22,36,18,97,29,31,34,24,73,45,43,92,55,25,79,98,62,9,35,72,2,70,37,14,6,89,41,39,27,50,5,20,95,74,91,90,83,13,10,10,62,18,
93,56,6,65,94,91,82,99,36,3,27,14,83,74,41,9,34,28,86,77,39,45,21,51,46,17,18,43,95,26,90,98,19,8,24,68,72,61,63,15,97,29,81,96,89,5,49,52,40,38,47,25,35,80,59,55,50,67,12,10,30,73,85,22,0,57,66,33,60,23,2,71,16,69,87,64,88,20,53,37,92,76,13,31,48,54,79,75,42,32,1,84,62,70,7,4,11,58,44,78,10,10,62,18,
12,0,66,57,33,75,61,60,80,59,2,67,20,14,62,30,69,78,3,4,64,95,88,27,44,94,37,63,41,34,58,76,6,79,50,65,26,51,53,72,83,89,32,48,71,49,42,91,85,11,46,22,55,54,90,10,25,9,15,68,36,52,45,38,93,43,98,99,13,17,39,92,97,8,56,82,87,28,29,7,16,70,19,96,1,40,35,23,84,5,86,73,18,74,47,81,31,77,24,21,10,10,51,29,
24,1,84,14,67,49,27,86,52,82,54,29,92,40,9,61,50,58,34,55,85,13,37,79,23,76,93,36,22,41,16,95,88,42,25,6,44,81,43,12,38,96,59,74,72,18,20,19,46,2,87,57,73,47,66,15,30,97,60,75,3,80,10,5,83,71,56,99,53,64,26,31,51,77,90,70,0,7,62,32,89,4,63,45,48,21,39,33,11,94,91,69,8,78,35,98,68,65,28,17,10,10,49,31,
51,84,29,33,58,82,45,22,37,18,93,30,10,31,66,36,7,46,75,61,43,53,90,49,14,12,3,70,96,63,85,83,69,35,86,1,72,98,67,16,11,52,80,55,23,32,71,56,60,21,25,59,24,92,13,54,39,94,48,89,88,95,68,50,65,44,4,79,99,34,5,19,76,57,2,40,74,17,47,0,87,8,78,20,6,9,62,77,38,81,15,73,91,64,27,97,26,42,41,28,10,10,58,22,
91,28,17,31,60,68,3,62,15,99,95,70,11,26,8,33,42,1,54,19,25,76,66,46,63,86,57,32,73,12,80,78,51,69,92,65,4,90,81,55,16,64,20,22,30,97,88,67,94,39,87,72,40,71,49,10,96,77,75,93,34,38,52,29,47,50,2,98,48,89,84,43,56,23,61,27,36,14,9,79,83,44,18,53,41,24,45,0,35,7,58,59,74,13,82,21,6,37,5,85,10,10,58,22,
56,79,42,19,13,9,86,80,35,50,83,55,5,72,33,36,22,3,49,58,57,74,48,28,71,17,89,29,90,46,4,82,26,27,12,65,64,20,99,91,6,70,84,97,51,44,94,16,98,93,8,96,2,95,85,15,1,38,21,18,73,69,43,53,7,92,14,31,10,24,25,23,30,87,47,54,81,52,62,11,32,41,61,40,59,67,88,34,78,60,75,45,63,68,39,77,66,0,76,37,10,10,61,19,
34,93,91,20,43,89,79,51,7,2,87,45,4,32,59,1,58,6,23,60,27,10,9,11,80,29,31,35,15,77,18,56,69,50,73,46,57,96,78,52,71,53,26,94,95,92,14,67,81,49,40,30,90,36,65,55,25,19,62,66,61,74,76,16,21,83,22,24,70,64,3,39,33,86,44,99,98,48,37,38,54,0,41,63,85,72,84,28,5,82,75,88,47,13,97,42,8,68,17,12,10,10,50,30,
42,96,18,57,93,11,5,47,35,68,37,50,10,33,15,58,90,59,95,1,23,54,9,92,49,20,79,34,98,27,24,3,74,8,88,53,73,26,31,28,22,45,86,77,70,2,52,36,12,78,19,94,60,14,44,40,72,81,21,56,0,97,13,83,99,30,65,25,80,6,38,55,91,41,84,76,39,51,82,75,32,89,17,71,85,29,46,61,66,48,4,62,7,43,69,63,64,87,16,67,10,10,58,22,
36,54,87,59,75,86,12,24,17,60,89,67,4,41,80,70,49,0,32,14,74,72,21,47,50,77,27,3,65,81,97,85,38,79,58,92,34,23,7,18,51,96,22,33,82,1,55,6,68,45,53,35,8,63,93,20,94,30,71,76,13,26,39,64,69,10,91,84,98,56,42,5,52,40,57,2,90,88,61,83,37,78,31,25,29,11,66,43,48,15,19,95,73,62,16,9,44,28,46,99,10,10,53,27,
25,41,64,32,73,91,23,67,56,22,18,2,30,24,58,21,3,53,11,6,61,8,89,33,19,82,63,81,34,55,85,93,88,92,16,96,14,60,95,66,46,43,68,42,59,98,40,0,51,1,99,72,36,39,90,57,12,97,80,50,37,47,71,86,77,4,27,69,26,83,49,44,76,38,74,9,28,7,87,10,45,70,35,52,62,78,75,20,79,65,29,17,5,94,13,31,48,15,54,84,10,10,58,22,
1,11,55,62,25,54,9,2,16,46,51,71,93,48,63,36,87,64,52,23,80,76,85,5,33,56,72,35,30,98,88,7,19,20,38,59,99,94,43,82,4,39,65,47,83,91,78,97,31,66,42,37,86,73,84,34,6,69,81,17,95,18,67,40,14,90,0,21,57,60,32,75,28,50,24,70,3,89,53,68,12,77,22,8,58,10,49,29,13,15,27,96,61,45,74,44,92,79,26,41,10,10,52,28,
69,55,90,76,94,6,28,49,22,42,17,1,50,72,70,56,30,48,29,23,91,2,84,74,36,7,66,97,82,52,46,61,59,5,32,83,58,92,62,51,63,3,88,81,75,35,11,96,98,12,73,26,13,9,77,0,24,78,60,79,15,54,20,27,8,10,34,31,43,71,99,44,21,65,45,68,14,93,38,25,67,95,41,85,18,57,86,89,40,4,80,47,37,64,39,16,53,33,87,19,10,10,52,28,
86,59,71,24,49,69,20,39,84,75,34,4,96,31,85,76,77,30,62,27,64,61,47,3,45,79,50,90,13,93,87,68,56,48,33,57,38,29,14,92,8,9,95,11,25,23,98,88,73,55,19,65,15,94,28,43,12,6,99,17,1,42,78,97,37,32,67,41,70,35,21,80,2,81,53,44,22,10,51,52,89,7,40,18,74,66,5,82,63,58,26,83,0,60,46,72,16,36,91,54,10,10,49,31,
16,48,42,94,74,18,88,46,1,32,4,86,34,33,43,52,54,59,60,26,11,19,3,31,50,40,98,39,76,51,91,65,57,25,7,2,56,5,78,14,67,0,62,96,47,77,22,70,69,36,37,20,82,9,45,29,6,83,28,53,23,63,90,38,21,49,99,72,55,81,10,92,13,30,73,66,8,85,80,17,15,27,89,68,97,58,12,84,24,71,44,41,61,93,64,95,87,75,35,79,10,10,60,20,
1,7,43,70,85,45,27,95,72,5,29,48,93,98,19,23,82,55,4,26,37,56,31,62,15,8,86,99,32,42,39,60,94,38,16,14,78,89,33,75,90,3,73,64,9,18,20,51,83,0,77,46,92,54,74,6,12,59,17,81,91,34,49,40,80,52,21,22,88,28,35,96,30,97,44,68,53,66,87,25,63,69,10,61,76,65,57,71,2,41,47,67,13,50,24,11,58,84,36,79,10,10,58,22,
83,16,81,58,48,69,35,54,20,96,62,76,17,63,15,52,19,38,78,73,24,0,66,97,46,95,32,5,47,53,72,2,74,75,98,87,9,6,23,13,56,51,3,61,31,21,86,50,99,57,71,79,30,94,43,10,89,91,8,45,28,11,68,44,88,18,27,40,80,60,26,90,70,12,93,82,67,22,33,85,14,29,25,39,34,59,42,65,41,55,4,77,36,49,92,64,37,1,7,84,10,10,53,27,
45,31,61,27,49,9,85,80,74,17,93,12,24,5,59,97,98,75,69,68,48,95,47,91,2,76,82,78,56,10,11,42,0,16,8,64,44,30,13,70,43,28,84,87,57,50,89,79,32,65,63,73,6,39,38,35,58,26,19,3,36,71,22,53,55,1,83,90,60,81,51,62,54,37,86,15,72,14,66,41,46,23,7,4,21,29,96,34,52,94,40,33,77,18,25,92,20,99,88,67,10,10,52,28,
99,80,47,33,34,7,74,27,98,10,57,43,15,9,5,17,90,88,64,48,63,42,13,32,53,46,91,60,0,3,30,51,23,79,26,55,96,29,86,73,24,68,49,25,71,18,75,65,22,56,8,94,14,85,61,59,72,6,39,69,92,19,21,4,95,44,20,31,87,52,89,97,1,11,16,81,58,67,40,28,54,66,62,38,93,37,78,84,35,45,12,50,82,83,36,41,76,70,2,77,10,10,59,21,
59,16,13,19,28,74,50,40,44,58,80,18,53,5,36,90,21,45,94,66,1,85,33,49,27,54,22,71,91,23,6,87,15,41,51,7,52,75,93,99,39,0,68,56,98,24,92,78,86,81,11,38,46,96,2,55,30,62,76,20,42,35,8,83,73,14,89,63,43,10,95,57,29,60,31,17,34,26,12,4,79,25,47,61,88,82,37,3,84,65,9,72,64,32,70,97,67,48,77,69,10,10,53,27,
0,36,76,94,42,7,97,28,93,49,16,46,18,59,12,62,19,53,87,17,91,67,9,82,41,54,85,15,96,22,23,58,95,13,61,66,1,84,29,71,24,35,30,80,81,21,60,72,83,92,3,56,88,89,68,32,79,20,98,78,14,48,47,90,55,34,51,73,39,44,8,57,4,33,52,11,45,65,2,38,27,63,43,77,64,70,10,99,40,69,86,50,25,26,6,31,37,74,75,5,10,10,54,26,
15,57,73,4,82,39,41,55,58,47,50,49,32,16,70,22,11,68,85,74,56,97,13,10,45,93,90,95,40,60,51,91,52,27,25,5,17,72,81,64,42,36,76,18,96,6,75,80,9,83,65,69,26,84,86,34,54,77,59,7,88,33,14,71,87,89,24,44,37,46,29,48,31,38,43,3,35,1,78,19,99,12,67,61,8,30,66,79,28,0,20,62,63,21,98,2,53,94,23,92,10,10,56,24,
74,84,60,1,88,48,57,77,80,7,61,9,82,42,5,46,97,98,34,0,78,85,55,19,27,59,71,22,67,65,14,53,31,75,28,11,86,96,47,45,24,13,43,35,56,70,92,68,40,99,79,39,62,3,29,32,41,10,15,50,18,17,64,58,30,72,94,8,12,4,21,89,93,49,2,54,20,76,69,33,36,6,63,83,52,25,23,44,91,90,81,16,73,26,51,38,87,37,95,66,10,10,54,26,
58,18,36,97,71,3,31,23,11,59,66,32,25,13,73,1,57,77,49,46,94,37,81,86,56,48,43,2,0,39,34,75,19,12,61,51,76,80,63,47,90,14,27,24,74,38,54,50,41,65,30,87,15,26,52,28,72,55,93,60,22,67,45,40,89,99,82,29,70,78,64,42,8,53,79,44,4,88,92,83,21,96,69,33,10,9,62,95,91,16,5,6,68,84,98,20,17,35,7,85,10,10,62,18,
34,88,77,81,30,54,24,43,3,90,69,22,70,98,35,71,20,64,87,39,38,32,58,59,4,29,56,65,66,2,96,33,49,16,17,13,79,97,51,44,75,28,14,21,11,9,36,74,1,48,76,60,89,37,52,85,31,40,26,0,68,62,95,67,57,63,25,19,80,6,5,92,78,94,7,8,10,84,42,15,50,99,72,93,45,46,18,55,82,61,47,12,27,53,73,23,83,86,91,41,10,10,55,25,
30,27,41,79,11,76,0,90,55,58,63,65,14,52,8,85,83,72,59,36,9,78,21,77,64,22,40,28,13,60,94,44,43,2,42,12,20,37,54,86,1,32,88,92,68,7,81,38,4,31,5,29,53,10,39,34,75,25,87,96,51,62,45,69,98,56,95,47,50,19,61,93,66,15,48,3,99,73,26,91,89,18,57,74,23,17,67,71,80,97,82,70,49,16,6,84,46,35,24,33,10,10,58,22,
57,39,42,32,26,8,23,56,36,21,76,16,44,87,64,63,7,15,13,37,92,54,43,90,40,85,69,55,86,97,48,6,10,98,1,49,67,99,22,3,2,89,18,50,91,29,72,68,95,75,82,5,31,65,73,78,14,17,59,35,70,84,74,83,47,60,4,79,30,41,53,34,28,12,51,94,88,19,71,93,80,20,11,46,96,9,45,24,81,33,0,58,61,27,66,62,77,52,38,25,10,10,59,21,
3,32,89,33,56,52,60,12,87,29,21,85,28,79,51,45,83,59,19,69,65,31,73,38,80,58,76,48,71,39,53,27,82,78,54,47,93,40,18,13,15,84,99,44,34,57,55,64,26,6,94,81,0,67,23,74,70,62,95,10,88,36,72,97,22,25,1,7,35,49,77,68,50,96,46,42,37,91,8,9,63,4,11,17,2,30,24,43,90,20,66,16,75,41,5,98,61,14,86,92,10,10,57,23,
77,54,27,98,97,63,59,21,70,60,48,10,71,45,83,14,17,81,2,39,74,1,42,23,28,84,72,50,73,64,0,32,34,66,29,67,92,6,85,9,22,49,33,96,38,58,41,62,55,46,65,90,61,75,30,25,80,99,36,53,56,7,68,13,26,24,16,91,18,88,20,51,44,78,37,86,76,94,5,8,47,93,95,12,82,69,89,79,15,35,52,43,40,87,11,3,31,57,19,4,10,10,57,23,
42,29,7,86,73,67,47,23,36,30,94,89,17,81,4,97,11,13,74,63,56,34,5,44,52,71,87,95,92,15,62,22,24,18,12,9,14,59,26,19,39,70,50,58,77,79,27,8,66,75,78,80,98,31,51,20,28,84,43,49,72,68,46,83,45,55,0,16,1,69,76,40,64,96,37,21,82,32,54,10,3,85,53,38,25,2,91,6,33,61,60,65,48,35,99,41,90,57,93,88,10,10,50,30,
8,71,21,58,4,36,59,97,31,57,47,85,63,78,74,49,43,35,42,65,56,6,62,28,1,94,89,52,19,48,82,64,22,32,87,15,80,91,41,14,88,51,75,99,68,81,27,18,66,90,95,9,23,10,25,0,34,86,7,30,5,77,33,76,17,54,60,69,46,73,40,20,67,29,24,92,16,55,84,50,53,3,12,79,38,93,26,37,44,83,98,72,70,39,11,96,13,61,2,45,10,10,47,33,
24,82,35,26,12,45,84,72,1,15,50,19,46,42,77,67,71,16,80,32,85,64,56,44,11,95,22,18,43,54,83,20,94,27,31,10,99,86,21,48,0,13,65,30,23,98,87,41,63,4,57,17,75,74,91,88,9,79,37,62,39,6,7,59,8,97,29,60,90,40,36,73,78,55,33,3,28,34,49,70,66,14,58,5,69,96,61,81,51,38,53,68,89,2,93,25,76,47,52,92,10,10,57,23,
45,29,11,72,22,81,36,73,15,26,62,46,49,80,12,92,69,63,83,0,34,50,2,13,95,38,96,93,43,53,25,33,88,44,28,47,37,91,20,99,70,3,32,48,74,30,98,35,57,16,68,14,23,54,9,87,51,1,94,17,59,41,10,24,18,66,56,77,61,67,42,82,40,64,4,60,75,84,31,21,97,58,8,7,5,55,39,19,78,71,86,90,89,76,6,52,85,27,65,79,10,10,56,24,
70,34,54,40,82,49,59,98,25,91,88,73,12,66,11,77,69,39,83,50,2,80,76,6,74,29,21,0,68,27,56,48,57,26,46,85,1,87,44,15,22,45,94,75,95,14,16,79,47,7,93,35,43,20,28,36,96,97,62,64,3,53,30,72,41,5,32,23,90,71,84,9,55,42,60,17,8,65,37,24,51,52,63,33,38,78,4,13,19,10,89,31,18,58,86,92,99,67,81,61,10,10,54,26,
62,36,84,60,5,93,66,73,31,7,77,34,57,64,99,94,6,2,24,68,51,17,89,97,59,90,16,10,41,13,25,95,3,29,33,4,82,70,91,47,43,8,79,65,49,11,19,23,76,74,27,87,69,18,44,20,21,54,61,45,83,48,14,75,67,50,1,22,52,86,55,98,96,30,32,15,53,0,35,42,78,63,58,71,39,12,9,81,40,26,85,92,37,38,56,28,46,80,88,72,10,10,58,22,
42,39,15,24,77,47,90,2,5,74,35,86,99,79,64,88,8,53,0,91,48,58,32,93,25,23,55,72,71,84,66,50,27,18,89,31,6,96,73,41,34,54,70,40,97,7,85,12,68,92,76,26,98,46,49,83,95,10,9,1,94,11,80,20,65,82,28,36,57,3,13,45,61,19,33,16,75,38,22,43,69,30,60,14,21,87,62,63,51,29,59,56,81,37,78,4,52,44,67,17,10,10,55,25,
89,69,66,15,59,20,57,12,79,17,68,36,93,44,48,14,42,26,21,80,7,99,74,33,85,40,13,8,64,71,31,28,96,95,65,39,52,11,54,41,25,82,86,87,30,55,53,51,32,38,76,47,83,29,97,84,92,19,46,0,77,73,16,45,81,98,18,63,91,3,70,6,9,49,90,10,24,50,56,94,35,43,78,88,61,37,1,4,75,27,23,22,34,62,67,2,72,60,58,5,10,10,51,29,
13,84,94,65,44,73,6,63,31,26,72,61,0,15,25,99,42,96,23,46,54,91,5,68,55,27,53,82,4,74,90,24,66,33,80,78,2,21,10,62,93,47,83,51,20,86,89,34,8,52,1,3,95,18,92,64,85,7,12,29,38,50,58,97,19,45,67,35,60,81,43,39,70,30,59,48,49,11,9,17,57,41,88,87,56,14,16,71,77,75,76,36,40,22,37,98,28,79,32,69,10,10,55,25,
35,31,18,67,21,70,80,47,69,59,27,28,17,60,8,56,16,1,82,84,42,10,9,41,19,5,81,3,30,62,85,91,88,98,94,12,63,93,25,97,89,51,46,40,6,32,50,45,26,39,15,49,48,11,79,66,76,7,55,83,4,34,37,0,72,52,24,22,38,44,43,33,92,75,64,68,65,53,29,77,71,78,96,36,58,73,2,74,99,14,95,54,90,86,61,20,13,23,87,57,10,10,67,13,
57,68,10,40,86,12,72,0,50,37,11,38,13,69,75,63,61,16,32,29,1,49,90,74,92,47,51,34,62,95,78,60,2,41,15,82,55,91,83,5,87,71,39,66,80,43,88,7,54,73,23,64,9,21,85,19,26,79,14,76,4,99,58,67,28,30,48,42,84,31,56,27,77,6,93,52,96,89,25,24,36,98,59,35,17,20,33,65,22,70,46,81,53,97,94,18,44,3,45,8,10,10,63,17,
43,47,6,38,96,88,95,41,35,56,32,91,18,66,14,68,61,36,8,0,13,54,17,16,92,10,58,46,22,86,52,34,31,55,67,98,29,20,49,24,99,53,25,70,23,83,37,90,64,44,87,62,75,78,33,79,59,94,84,11,73,57,9,12,45,60,48,39,5,72,21,51,26,76,63,65,2,15,82,77,93,71,40,4,28,81,85,50,27,3,74,80,30,19,42,69,1,7,89,97,10,10,56,24,
82,1,65,45,12,35,8,56,41,16,75,71,13,26,51,46,92,23,15,17,4,83,90,0,14,70,72,77,98,24,74,99,49,11,62,22,25,93,20,53,36,18,81,7,37,5,86,79,57,42,6,63,19,43,52,27,47,96,3,2,30,80,29,55,95,64,32,9,73,94,91,48,59,28,44,78,40,67,58,33,97,31,21,69,85,84,50,76,39,88,66,54,89,60,61,38,87,10,68,34,10,10,44,36,
70,3,57,66,24,43,45,90,40,5,8,20,80,61,37,81,95,28,78,33,9,89,18,36,83,30,2,25,21,1,44,27,4,31,93,71,77,82,35,85,65,29,67,32,53,16,56,26,68,13,69,75,0,50,54,23,22,38,84,52,96,91,19,47,14,97,10,39,79,7,88,74,72,15,49,58,76,41,99,55,98,42,62,51,46,63,17,86,6,59,73,12,92,34,64,87,48,11,60,94,10,10,51,29,
88,82,46,20,8,71,26,83,63,2,72,5,60,54,0,4,93,29,70,37,78,34,94,50,76,42,89,64,57,44,40,41,55,59,6,79,47,80,45,32,99,69,16,22,1,62,95,27,14,23,21,52,73,9,10,61,51,98,7,49,84,11,86,30,24,58,12,96,38,39,77,74,31,28,53,3,97,15,19,91,85,48,13,18,17,92,90,43,87,36,65,66,68,75,67,81,56,25,33,35,10,10,47,33,
34,42,90,58,6,71,91,0,26,41,85,56,22,40,23,27,89,53,31,60,48,70,44,80,8,14,66,57,38,61,97,92,75,93,51,99,63,10,9,12,68,73,55,37,7,2,45,54,86,78,83,36,62,95,24,5,79,69,46,50,13,77,65,39,29,25,59,3,96,28,52,67,88,19,84,43,76,74,72,11,35,18,17,30,4,94,15,87,64,16,33,98,82,21,49,32,1,47,20,81,10,10,55,25,
85,54,0,33,72,11,87,48,79,26,3,59,39,97,64,30,65,53,69,90,44,29,75,60,62,43,10,91,61,42,19,63,6,98,12,82,55,45,88,32,36,56,46,31,24,41,27,25,70,40,14,22,18,34,16,38,71,67,81,86,51,77,13,1,37,58,49,96,17,47,57,68,74,4,92,83,7,80,52,35,21,20,76,73,8,99,93,5,50,78,2,9,15,84,28,94,23,89,66,95,10,10,53,27,
50,11,92,26,51,93,64,67,94,6,19,99,87,1,25,46,77,97,71,75,72,2,70,3,23,74,39,48,5,82,31,42,90,18,85,78,47,80,60,28,95,29,66,20,30,13,9,84,63,7,34,88,24,17,69,45,96,79,56,65,57,62,53,86,43,36,15,12,49,58,35,27,76,14,38,32,98,21,68,44,37,40,22,83,33,52,41,81,10,73,91,0,89,55,61,54,16,4,59,8,10,10,59,21,
82,39,30,47,86,74,53,16,63,8,41,33,46,98,10,90,14,61,68,20,24,13,94,55,99,60,28,32,67,52,88,62,26,25,17,9,31,12,40,57,77,58,80,83,42,71,54,4,51,18,22,48,96,3,92,69,5,37,44,35,97,23,75,65,93,84,72,89,79,59,64,38,2,27,66,78,73,50,81,70,11,34,45,76,6,49,1,7,43,21,29,56,95,87,85,15,19,36,0,91,10,10,51,29,
2,42,15,40,47,91,54,72,51,4,21,87,29,89,77,53,70,34,16,39,69,76,80,78,93,68,74,79,82,44,81,41,36,59,35,62,61,28,10,96,26,75,73,3,37,65,31,88,94,17,90,50,64,45,92,67,27,5,0,7,32,55,30,14,11,13,63,48,60,99,24,84,49,85,1,56,46,25,20,12,83,38,58,8,19,57,43,86,52,6,95,9,97,98,18,66,33,23,71,22,10,10,49,31,
8,34,69,55,37,18,73,94,75,30,84,42,61,64,87,56,97,40,43,49,70,90,11,92,48,44,27,96,82,38,63,2,59,10,24,31,28,22,1,15,77,98,3,57,20,46,54,6,78,7,50,9,35,4,21,41,5,45,89,25,14,52,51,68,23,83,32,12,88,47,39,58,13,29,0,36,65,67,76,16,81,72,19,80,62,71,85,86,17,33,66,95,79,74,99,53,91,93,26,60,10,10,56,24,
99,92,41,43,7,51,77,35,94,49,3,65,79,64,93,58,53,44,0,39,28,52,38,37,2,56,31,66,71,83,78,61,59,15,97,68,90,5,84,75,45,10,82,46,22,72,47,9,21,36,23,89,17,34,70,91,8,63,69,57,4,95,86,88,73,62,96,26,40,6,1,74,50,32,76,54,33,16,14,48,12,24,42,27,67,30,60,29,13,25,85,98,20,18,11,80,55,87,81,19,10,10,55,25,
17,10,30,3,76,42,65,53,97,59,9,40,47,75,89,87,54,11,80,98,61,37,31,49,60,56,34,2,81,88,82,62,55,1,99,13,14,33,58,43,92,83,21,73,93,94,70,63,7,45,96,57,16,79,8,69,35,68,5,72,48,26,74,0,78,36,18,84,71,28,22,32,41,91,90,38,29,51,25,39,95,20,23,15,85,86,24,77,12,52,66,4,64,19,44,50,27,46,6,67,10,10,54,26,
38,34,59,92,57,21,18,16,53,75,39,42,97,52,99,55,86,6,58,61,84,32,28,49,24,73,91,56,63,72,79,70,13,14,90,23,54,62,46,80,30,95,81,48,98,7,65,35,31,4,44,60,15,78,36,50,82,26,27,45,37,17,9,12,74,87,85,10,51,11,67,77,68,29,5,43,47,2,76,25,71,89,64,88,40,1,94,66,8,96,93,3,33,19,41,20,0,69,22,83,10,10,49,31,
47,28,40,41,29,25,34,23,24,22,90,21,17,51,33,89,3,52,66,27,44,72,32,36,63,87,82,49,18,14,79,75,84,54,9,19,60,91,46,65,99,13,43,4,92,88,96,57,2,61,86,98,69,11,93,45,83,6,7,37,48,62,50,76,97,38,64,56,77,58,1,0,20,10,94,68,71,67,81,12,30,15,39,16,8,31,55,80,73,95,5,26,42,74,78,70,53,59,85,35,10,10,57,23,
6,94,57,2,0,40,84,88,95,62,79,49,46,54,4,26,93,97,21,18,72,31,80,69,70,56,77,98,50,15,71,86,7,52,17,14,35,76,5,44,67,39,38,43,81,91,82,78,92,96,19,3,27,59,47,37,34,90,23,12,53,29,74,10,68,32,13,66,45,75,36,63,20,99,8,65,33,24,16,48,64,83,30,55,25,89,22,61,41,60,73,11,9,58,51,28,42,87,85,1,10,10,58,22,
8,12,26,33,21,93,23,0,13,41,49,38,71,29,3,25,10,31,18,99,46,39,90,91,74,53,17,76,63,95,42,86,83,94,64,40,5,32,19,52,6,44,54,2,16,78,47,79,58,80,4,75,96,30,1,22,62,24,9,87,28,69,45,89,34,37,59,97,81,50,15,55,36,11,68,73,82,56,61,77,35,60,84,67,43,65,48,85,57,27,14,88,51,66,20,98,92,70,7,72,10,10,57,23,
28,31,64,73,70,87,90,52,15,58,50,34,9,81,84,86,92,79,4,25,88,53,36,83,1,89,65,12,80,61,67,29,13,16,35,3,14,24,82,8,51,40,93,23,68,5,44,18,42,37,78,19,47,66,33,72,17,71,39,7,45,69,85,2,96,20,98,10,97,60,22,21,11,77,43,94,56,91,46,62,26,49,63,99,74,38,55,41,75,6,59,57,48,32,76,95,27,54,30,0,10,10,52,28,
59,85,6,22,72,19,5,88,65,15,70,18,61,32,58,14,20,4,35,21,80,67,90,62,74,94,29,64,75,69,31,28,41,77,48,13,97,73,27,55,78,86,38,11,49,71,3,7,30,46,44,53,45,92,12,43,33,68,81,50,47,39,1,60,25,0,99,91,79,56,52,10,54,51,63,89,2,23,76,9,36,87,17,24,16,26,83,37,96,57,40,84,66,95,98,93,42,8,34,82,10,10,59,21,
74,75,79,60,89,58,77,65,63,68,55,25,4,1,36,9,95,38,99,52,88,84,8,72,46,87,2,3,42,90,19,16,69,54,59,98,62,40,56,85,57,71,30,81,27,80,93,18,12,11,43,10,26,91,82,22,78,34,15,61,49,7,5,13,32,53,28,21,76,86,20,64,35,6,48,83,73,66,45,31,33,44,24,39,29,47,14,41,97,67,96,70,51,37,94,17,50,0,92,23,10,10,57,23,
33,82,15,75,79,97,6,37,60,34,38,99,85,90,74,35,96,55,62,7,39,98,87,52,81,13,45,22,4,86,23,18,48,47,24,21,8,58,0,66,56,17,73,51,89,30,20,2,5,26,80,68,40,12,95,54,72,65,28,32,29,16,42,93,92,53,59,10,88,46,57,49,14,78,1,70,11,64,71,44,41,9,77,76,50,36,67,83,84,43,31,91,63,27,19,25,61,94,69,3,10,10,61,19,
52,80,11,40,84,43,20,67,72,62,18,98,14,3,41,24,19,97,64,17,5,79,13,2,81,49,46,0,12,32,30,60,4,74,22,1,71,89,63,66,36,47,93,70,58,44,55,34,94,29,50,45,42,77,21,65,28,33,73,7,69,48,87,90,83,91,53,6,23,85,59,51,96,88,86,39,10,15,31,37,27,57,61,54,82,56,95,9,38,16,8,99,35,75,26,25,92,76,68,78,10,10,54,26,
2,10,71,64,15,96,29,14,86,32,85,8,39,40,63,60,99,68,80,48,20,88,44,30,26,76,97,90,1,54,33,41,34,79,46,55,9,22,94,35,38,70,6,42,4,74,25,17,24,56,37,36,75,7,83,84,67,28,31,66,19,27,53,45,13,12,82,23,59,58,78,3,50,92,62,93,43,11,87,0,49,21,65,77,5,69,72,91,89,73,18,47,98,51,81,61,16,52,95,57,10,10,51,29,
16,62,72,96,56,59,31,85,26,29,43,39,64,28,78,97,74,88,71,58,13,35,61,75,12,34,23,10,53,63,3,77,98,57,30,18,46,6,73,93,91,15,99,17,22,27,82,9,81,36,60,7,8,51,69,25,49,48,37,94,52,86,44,19,45,95,40,55,80,50,32,87,67,38,65,90,42,41,11,33,1,4,20,68,66,54,14,5,83,70,24,21,92,2,79,47,76,89,84,0,10,10,46,34,
26,0,4,80,65,17,38,94,45,96,43,14,28,18,32,7,90,84,20,35,2,99,88,55,92,74,56,1,91,60,87,52,62,63,41,83,33,48,42,69,72,34,53,66,30,6,36,61,73,51,15,16,11,40,85,19,3,97,27,57,64,54,68,67,98,76,46,49,89,78,39,70,37,13,24,44,95,47,82,21,9,29,81,93,12,50,59,31,5,22,79,8,23,25,86,77,75,10,71,58,10,10,50,30,
8,73,31,19,25,16,54,23,88,85,64,1,87,13,94,65,0,60,14,89,17,66,80,74,91,11,68,40,79,43,75,45,71,12,22,35,44,42,55,38,62,78,56,49,33,52,26,82,90,3,57,28,76,37,84,81,86,69,34,27,97,30,6,18,46,15,47,99,95,2,21,96,58,4,9,61,5,39,70,59,32,77,67,7,36,92,41,93,98,72,63,20,48,53,29,10,83,50,51,24,10,10,40,40,
7,11,85,73,74,88,80,94,0,60,50,29,51,67,28,61,40,59,48,33,91,12,68,83,35,84,55,19,13,82,18,98,49,99,20,15,10,38,53,89,9,2,62,43,36,1,30,79,86,34,54,78,21,52,87,32,42,69,93,81,6,75,95,63,70,25,4,76,92,45,90,31,24,8,16,46,37,57,14,5,39,77,44,72,26,23,17,96,97,66,56,64,22,65,71,47,27,3,41,58,10,10,55,25,
12,89,54,3,30,7,98,61,75,74,21,41,72,38,33,68,16,19,78,84,37,99,87,71,57,17,94,86,14,90,91,93,52,59,44,95,96,82,97,43,69,81,23,4,9,45,85,15,20,42,5,83,88,10,25,35,2,79,63,40,11,48,60,64,32,58,18,77,39,49,66,51,34,53,47,26,50,13,28,0,56,46,1,29,80,73,62,22,55,31,24,92,36,8,76,65,70,67,27,6,10,10,59,21,
82,70,32,99,90,95,51,81,69,84,96,15,91,76,43,35,22,73,44,8,28,27,12,85,67,46,10,62,31,53,3,13,9,20,37,74,19,29,4,59,23,25,47,98,64,68,78,77,75,0,80,11,1,94,18,92,24,52,17,97,40,6,45,30,58,33,38,14,26,83,36,5,63,55,71,49,61,41,87,54,60,66,56,65,93,39,48,21,34,16,42,89,2,7,86,79,72,50,57,88,10,10,56,24,
21,7,75,49,68,80,26,18,53,76,35,16,79,70,2,48,97,90,33,42,17,4,45,60,84,30,95,73,86,12,69,3,15,74,44,72,0,14,55,64,28,43,83,92,34,40,39,5,88,57,54,36,46,58,71,87,6,47,19,89,38,32,78,99,91,41,31,25,24,37,29,81,23,56,51,13,50,10,20,65,59,93,63,61,52,96,94,67,11,27,98,9,1,62,8,22,66,82,77,85,10,10,58,22,
51,93,82,47,78,30,84,91,4,50,11,1,85,37,27,59,39,26,55,94,9,67,66,45,46,44,64,17,95,60,68,15,28,7,71,77,97,29,10,63,12,33,58,86,52,13,42,20,79,98,6,25,5,41,3,81,87,19,76,34,65,69,8,24,70,54,96,32,40,35,36,23,99,31,83,80,90,73,48,74,38,2,22,75,53,16,49,14,72,92,88,56,0,57,43,89,21,61,18,62,10,10,49,31,
44,64,28,70,87,15,48,80,47,12,97,31,7,2,21,42,55,77,63,11,75,26,60,37,76,91,90,5,83,65,20,95,78,17,61,68,59,14,69,39,1,34,53,66,13,94,22,18,88,3,29,98,33,23,72,92,19,41,52,40,81,82,96,85,99,0,8,67,35,93,79,24,16,30,43,71,84,46,27,54,49,32,74,73,57,51,89,38,86,6,58,62,10,45,9,56,36,4,50,25,10,10,55,25,
91,37,31,80,71,69,38,83,43,58,95,81,12,25,97,1,74,42,57,21,52,86,20,33,68,0,10,78,73,32,23,50,7,47,11,93,64,14,90,59,94,4,48,17,76,8,3,72,30,46,34,56,66,53,63,96,44,92,5,40,36,41,13,84,51,79,45,65,15,70,16,29,39,35,89,28,27,6,61,87,62,99,22,18,60,19,77,54,98,82,24,9,2,55,85,75,67,49,26,88,10,10,55,25,
44,81,64,7,19,87,52,11,23,94,89,83,41,76,13,59,3,63,78,85,72,80,88,38,62,36,28,67,25,29,96,37,45,51,26,10,22,33,71,91,46,86,43,92,68,31,60,17,32,49,27,35,58,79,54,48,93,21,77,56,82,95,14,9,42,65,34,57,30,74,40,84,97,6,18,16,47,39,70,24,90,69,8,55,99,61,2,53,12,5,0,73,50,75,15,1,98,20,66,4,10,10,57,23,
82,64,41,47,18,88,87,53,99,20,29,71,75,40,58,73,4,74,65,84,2,5,62,45,31,51,14,1,9,50,91,59,89,93,19,35,85,83,95,7,12,96,42,67,17,79,34,37,54,72,23,52,16,66,27,39,25,44,92,57,26,43,30,78,11,6,90,98,0,60,21,70,55,97,13,63,94,46,28,15,76,69,81,10,77,22,32,36,24,48,33,8,3,49,61,56,68,86,80,38,10,10,49,31,
23,66,24,97,54,1,86,46,72,34,68,73,85,7,67,94,78,91,2,98,37,19,63,13,10,76,42,74,61,22,26,43,60,99,48,21,90,28,95,93,18,50,44,59,8,83,49,17,58,14,96,45,16,40,32,31,4,62,77,89,69,3,11,92,87,84,81,75,5,57,25,64,52,82,71,80,6,33,27,20,56,35,53,41,12,55,30,29,39,15,70,51,79,9,47,38,36,0,65,88,10,10,59,21,
19,57,89,75,77,54,83,16,85,33,12,35,37,61,25,60,64,29,14,5,52,44,3,24,20,99,58,28,94,6,84,73,32,46,62,43,72,79,92,39,82,67,98,22,42,86,38,50,23,1,88,15,17,48,47,7,90,13,68,34,96,2,49,11,66,97,81,87,8,41,9,76,18,53,65,56,45,80,31,40,30,91,63,71,27,55,26,51,10,36,78,21,93,59,70,95,0,4,74,69,10,10,49,31,
18,43,25,5,4,6,23,96,44,77,35,66,84,7,55,85,9,98,72,61,41,64,57,83,56,71,76,50,93,32,29,37,89,2,8,28,75,26,79,97,15,78,30,95,0,59,86,63,88,1,34,62,47,22,36,90,24,13,70,74,45,69,46,16,99,38,48,51,87,67,20,21,58,10,68,40,27,19,60,80,91,49,12,65,52,11,92,94,14,54,39,73,82,53,81,31,3,17,42,33,10,10,62,18,
3,35,18,34,97,75,46,27,25,40,92,91,74,19,13,55,68,61,98,2,41,62,22,51,17,93,81,72,5,44,89,94,99,32,31,10,15,20,11,95,39,73,57,59,67,76,0,7,43,29,87,42,66,90,80,65,50,53,26,85,47,37,28,63,64,1,23,9,79,71,96,60,21,6,77,56,78,36,4,54,70,58,49,8,88,45,69,83,12,30,14,24,82,52,86,16,84,38,33,48,10,10,55,25,
62,3,7,11,25,93,89,94,41,69,15,44,27,85,28,83,16,67,19,42,17,73,18,76,77,36,46,34,71,40,65,70,0,91,13,14,1,78,68,21,32,47,57,50,35,48,55,39,45,53,2,54,37,29,74,96,82,59,87,66,12,81,90,5,49,6,38,63,99,26,60,22,72,8,43,4,86,51,10,64,23,80,58,88,84,31,79,61,30,20,24,98,56,97,75,52,9,33,92,95,10,10,60,20,
51,89,97,84,24,90,62,68,20,39,65,8,48,46,0,82,18,43,59,19,87,15,9,38,14,57,96,25,91,63,75,22,35,72,27,26,12,2,5,16,88,47,79,52,17,40,30,29,33,34,73,98,44,10,81,1,99,11,78,70,28,55,6,67,42,23,64,41,56,77,31,71,7,80,4,86,94,61,49,69,45,74,3,36,83,21,32,93,53,13,37,54,60,66,92,58,76,50,85,95,10,10,53,27,
30,88,63,43,38,14,92,19,9,37,66,83,82,12,26,16,59,1,80,8,28,70,75,42,91,31,15,7,53,76,5,17,6,44,0,85,2,71,62,79,90,40,18,87,89,23,95,21,54,29,39,64,84,94,32,11,69,72,60,99,27,22,45,65,49,46,35,52,25,96,51,57,68,98,36,58,33,4,93,34,20,78,13,3,50,10,24,74,61,86,56,67,48,81,77,41,97,47,55,73,10,10,50,30,
11,15,51,25,62,37,65,94,84,74,16,49,63,41,30,67,92,20,58,22,72,31,14,66,97,89,76,9,61,75,2,47,19,64,24,69,77,90,68,5,38,93,56,8,33,59,27,60,70,48,7,32,12,96,35,28,53,99,79,10,42,57,54,26,6,86,50,23,1,52,46,83,0,34,21,80,98,39,88,17,71,78,45,55,81,43,73,82,4,36,18,85,29,44,13,95,40,3,87,91,10,10,55,25,
36,41,4,59,67,22,91,82,66,38,11,83,51,64,18,43,39,88,46,25,19,9,7,31,42,55,65,15,56,1,70,35,52,72,8,95,69,2,81,97,33,98,85,77,96,23,27,78,21,68,45,48,80,34,86,57,14,26,60,79,17,84,71,32,0,28,73,47,29,99,6,58,13,61,50,94,10,40,90,76,44,74,16,53,30,5,63,24,3,93,20,92,62,89,12,49,37,87,75,54,10,10,57,23,
21,24,86,70,82,80,33,4,69,47,77,79,67,13,53,52,37,65,99,5,42,16,45,92,88,91,46,10,63,31,61,34,28,43,36,18,76,49,89,57,8,56,81,66,3,19,98,20,75,60,87,90,44,95,29,14,96,35,23,62,38,30,41,73,48,0,11,64,58,6,68,7,1,97,9,85,32,22,39,17,2,40,71,59,72,50,93,12,27,25,54,26,74,84,83,55,78,15,51,94,10,10,51,29,
96,87,34,79,5,10,91,50,62,24,19,84,48,12,66,69,57,60,38,3,52,23,27,33,55,26,8,81,47,75,17,43,77,64,18,86,59,45,20,67,65,0,51,63,90,22,35,76,32,37,29,36,93,88,94,30,28,98,95,42,54,46,31,16,80,40,71,89,1,9,70,58,82,25,92,13,14,7,99,73,72,74,83,85,6,2,78,97,41,44,15,21,4,68,56,49,61,39,53,11,10,10,61,19,
94,84,46,80,39,24,95,57,7,12,30,29,59,16,54,97,89,68,18,28,4,64,21,23,47,36,33,15,88,74,13,49,40,66,42,60,71,25,56,5,9,44,81,96,31,14,48,45,41,55,34,93,6,32,98,35,10,37,61,0,72,8,11,99,53,90,2,73,67,20,78,3,17,79,87,1,51,38,86,50,62,19,26,58,70,52,82,75,22,91,85,92,69,27,77,63,65,76,83,43,10,10,56,24,
4,17,86,3,74,29,62,95,22,94,48,51,24,67,73,53,11,77,41,2,28,81,88,37,98,84,58,8,23,49,96,57,33,90,61,87,76,80,39,93,27,7,19,13,9,35,44,26,45,47,79,43,16,42,50,78,30,64,46,91,1,60,92,83,0,31,85,55,56,20,72,25,15,89,38,52,71,10,63,21,5,66,75,14,6,34,12,99,40,18,82,97,65,68,69,59,54,70,36,32,10,10,51,29,
64,16,92,59,82,18,31,32,51,86,15,50,55,42,14,74,63,61,46,79,88,96,85,1,2,69,70,3,99,5,11,72,28,27,62,95,12,7,97,40,6,94,41,34,19,35,75,20,21,48,24,49,68,73,29,44,25,45,67,26,33,93,17,8,39,84,66,56,80,4,36,57,71,30,54,23,89,83,87,78,0,76,52,13,91,43,65,22,47,90,58,77,10,60,38,53,81,37,98,9,10,10,60,20,
80,63,9,65,44,23,99,89,32,27,41,49,91,35,18,60,29,71,95,69,25,43,93,1,17,39,53,38,83,92,82,36,26,12,7,76,78,15,61,68,14,45,21,34,2,24,86,88,64,62,33,85,10,0,8,13,11,75,28,31,66,56,72,16,77,74,59,51,50,54,4,20,57,84,67,55,70,97,58,3,52,6,94,48,47,40,90,96,46,30,79,37,19,42,22,81,87,5,73,98,10,10,50,30,
84,99,29,94,22,70,9,41,98,91,45,8,32,63,74,89,76,59,18,26,6,67,97,13,61,1,35,43,86,68,87,65,25,7,93,50,73,19,30,23,2,81,56,12,0,11,36,37,85,28,42,4,16,17,96,5,39,53,60,47,71,77,58,14,46,55,75,21,20,92,33,90,64,49,80,78,66,24,62,40,69,51,52,57,44,82,54,95,10,38,79,34,72,88,27,15,3,48,83,31,10,10,53,27,
3,59,43,13,24,50,98,95,21,85,17,19,42,40,96,0,41,25,16,53,31,87,34,20,73,14,57,47,79,58,8,35,76,44,9,26,60,28,46,86,77,11,29,65,75,83,94,30,4,15,12,84,91,67,80,51,23,88,33,81,55,68,38,6,54,22,5,61,52,27,82,7,92,32,70,72,99,56,48,89,45,37,97,49,93,71,78,36,74,39,62,10,63,1,18,2,69,64,90,66,10,10,51,29,
67,48,46,88,51,13,64,76,72,59,83,24,91,34,28,38,36,0,42,32,73,94,49,43,3,65,79,78,60,22,29,95,37,77,16,4,27,40,44,20,7,47,55,15,21,23,33,52,74,50,92,41,96,8,11,80,62,82,63,98,56,31,69,58,93,19,75,30,53,68,45,6,66,9,71,39,25,89,86,10,12,5,18,99,54,14,84,97,90,87,61,81,2,57,17,1,70,26,35,85,10,10,56,24,
75,10,3,92,15,22,37,98,69,41,31,64,99,12,72,51,11,54,32,76,62,5,33,19,17,26,1,81,94,42,16,35,0,70,14,86,61,78,24,96,23,90,55,8,88,44,65,80,39,6,97,40,20,66,48,79,52,83,95,25,74,13,68,50,21,59,46,36,56,93,18,47,9,58,34,43,87,7,85,27,91,45,4,71,73,28,49,82,60,63,77,38,57,2,89,84,53,67,29,30,10,10,48,32,
68,74,80,54,2,4,44,47,48,18,52,17,92,90,71,20,7,67,23,51,1,35,38,98,97,87,77,75,24,95,62,13,72,3,29,6,61,33,19,58,96,81,14,82,79,40,60,39,53,25,94,34,12,36,21,73,70,32,9,69,46,57,8,11,85,45,16,22,15,26,0,93,27,50,37,5,31,84,83,64,86,42,99,55,41,89,10,63,43,30,88,65,78,59,66,28,76,49,56,91,10,10,56,24,
91,11,96,58,82,67,52,38,25,36,93,16,54,2,88,75,17,71,37,9,90,79,22,8,15,55,89,81,7,0,33,29,73,31,97,43,3,42,27,78,51,21,44,4,76,47,77,19,87,60,6,34,1,40,41,59,86,57,26,18,98,14,12,69,28,32,63,46,20,94,50,85,64,49,68,13,48,83,53,65,39,66,23,56,61,35,74,30,70,95,62,80,72,92,84,99,5,24,45,10,10,10,63,17,
83,47,64,61,39,88,22,14,79,57,19,30,8,11,73,78,67,60,77,35,5,59,9,27,99,93,92,2,50,84,33,54,75,98,40,65,28,34,76,25,66,37,6,32,85,69,0,96,10,48,29,23,53,71,86,1,15,58,12,97,20,80,16,46,72,55,95,87,94,24,43,18,41,4,17,36,13,81,89,62,21,3,42,51,7,70,82,90,68,26,52,44,45,49,91,56,31,74,38,63,10,10,60,20,
65,61,23,28,58,97,80,26,68,18,70,95,47,71,94,30,84,0,93,40,12,9,73,87,52,67,69,42,88,43,39,35,4,50,64,90,98,72,89,53,10,60,7,16,82,15,51,41,20,77,45,79,92,85,59,31,3,14,33,57,76,81,2,32,21,11,75,19,91,99,54,63,56,29,1,5,24,17,74,34,8,44,62,83,55,27,38,37,6,22,86,36,66,13,25,46,48,49,78,96,10,10,59,21,
43,33,72,23,54,37,87,63,7,58,82,68,97,44,73,96,93,71,69,90,11,20,27,32,39,21,91,65,55,24,48,85,80,41,98,25,86,61,81,34,4,56,19,5,40,62,77,10,79,35,88,53,15,78,95,74,45,6,99,2,94,47,8,46,59,38,12,60,83,36,42,17,29,0,52,57,76,26,16,14,9,92,1,22,18,66,13,50,64,70,3,31,49,67,30,75,51,89,84,28,10,10,56,24,
27,34,50,56,83,54,65,67,63,51,36,1,49,46,30,72,3,90,17,87,82,11,48,97,18,57,29,47,5,76,14,31,44,38,21,25,64,70,59,9,24,37,7,45,13,89,88,58,35,43,80,0,22,95,28,20,84,26,53,60,96,99,81,66,71,73,40,6,8,85,39,98,32,91,15,75,19,23,92,61,79,52,62,68,10,69,77,41,42,94,12,86,74,2,78,55,33,93,4,16,10,10,45,35,
74,17,42,30,15,67,57,79,37,99,21,80,38,84,73,82,66,93,31,69,46,49,75,89,14,22,53,8,50,83,23,85,91,9,63,61,98,95,62,47,87,12,77,11,26,90,88,29,97,76,55,39,27,3,18,2,54,1,19,33,81,96,72,68,44,78,28,16,52,71,41,10,92,4,20,32,13,86,59,5,45,51,34,24,48,43,56,65,7,70,64,60,0,58,25,35,36,6,94,40,10,10,52,28,
94,93,67,14,0,34,60,22,16,24,49,37,90,38,2,95,84,70,66,62,27,78,91,15,79,30,55,87,85,32,42,63,8,46,45,43,9,81,54,57,39,89,41,7,52,80,10,53,28,69,64,68,44,98,23,17,33,97,26,83,65,92,40,61,12,35,29,3,5,48,21,76,74,1,58,19,13,88,4,71,20,18,56,77,72,75,31,86,11,36,82,96,59,51,50,99,47,25,73,6,10,10,55,25,
72,19,15,62,10,5,33,53,98,90,66,30,60,65,69,55,92,88,1,6,39,74,78,54,75,11,40,91,89,59,27,8,20,23,2,28,42,47,96,21,79,84,61,3,99,80,50,68,37,45,4,26,52,18,0,31,64,56,93,46,81,24,43,36,86,87,17,95,70,35,9,85,51,76,97,67,48,63,82,14,57,29,44,94,73,16,71,58,83,32,12,25,7,34,77,22,13,41,38,49,10,10,54,26,
18,3,59,36,70,81,93,55,48,58,8,21,12,79,26,19,94,56,49,47,98,88,68,28,66,54,92,82,63,2,64,32,46,61,73,15,51,5,65,6,87,90,29,35,41,78,80,37,7,42,17,27,22,52,95,13,30,89,76,23,67,16,57,1,20,72,60,25,71,45,85,43,4,9,62,91,44,77,39,53,33,0,38,97,84,34,69,74,86,96,99,31,40,24,75,50,10,14,11,83,10,10,54,26,
89,12,95,61,26,4,54,51,36,16,58,68,40,78,24,33,94,59,82,80,77,64,96,31,46,9,6,1,17,87,76,38,92,41,83,99,37,44,70,62,52,65,50,86,98,75,5,10,85,93,47,90,18,30,66,27,42,72,34,25,13,15,7,32,48,69,11,67,8,60,73,74,0,71,20,35,23,56,39,84,97,3,28,81,57,63,22,21,53,91,88,79,55,2,49,19,45,43,29,14,10,10,57,23,
28,52,27,31,77,49,11,62,39,75,74,35,15,44,79,19,85,95,5,60,59,96,68,9,14,6,64,70,88,40,18,29,54,51,91,56,90,69,93,63,17,55,4,84,89,57,0,83,46,26,7,32,20,50,92,99,67,76,86,71,47,41,12,8,73,43,25,10,65,37,72,3,38,30,24,61,22,23,82,13,97,48,98,45,78,87,33,42,66,1,58,36,80,53,34,81,21,16,2,94,10,10,58,22,
60,78,33,8,21,36,64,22,44,49,77,18,62,29,50,93,47,56,67,2,24,37,40,32,63,95,70,16,20,12,10,99,13,79,46,89,57,45,66,9,4,90,43,73,17,82,71,61,81,41,30,83,98,87,52,0,15,74,34,11,26,97,23,38,51,42,65,53,69,68,85,88,5,72,7,86,3,39,55,58,6,91,54,14,48,94,35,31,19,25,92,84,80,75,27,1,96,76,28,59,10,10,48,32,
34,20,78,91,70,62,36,98,96,7,51,15,8,37,3,6,61,41,26,16,65,17,38,19,71,49,63,44,5,79,84,2,4,76,73,88,21,55,31,54,77,48,29,52,74,90,93,33,58,68,72,32,1,42,45,64,60,66,14,10,12,35,47,75,27,23,97,94,46,83,57,50,56,92,69,18,85,67,82,95,28,89,59,53,0,43,9,99,24,30,22,11,39,87,13,40,86,81,80,25,10,10,57,23,
72,49,6,57,23,5,95,75,33,93,31,16,55,94,90,81,52,68,65,32,17,69,13,39,80,3,37,62,36,42,12,51,48,76,22,78,21,99,63,66,74,25,56,41,11,77,29,84,8,43,96,9,92,44,67,97,1,40,27,46,79,4,10,7,59,45,26,91,82,58,61,50,83,53,47,85,15,35,20,24,64,86,54,28,98,71,18,34,30,70,60,0,19,87,2,73,14,89,88,38,10,10,62,18,
48,69,21,88,45,36,40,98,85,56,89,76,6,20,74,79,83,10,75,59,82,73,66,33,47,67,18,22,27,24,42,31,58,38,65,44,54,7,53,86,4,80,2,70,11,15,61,87,57,0,14,37,12,3,28,71,52,95,91,25,5,94,35,23,51,41,32,84,60,13,19,55,64,96,46,43,30,29,50,72,34,49,17,62,63,77,90,1,93,16,81,78,9,97,68,26,39,92,99,8,10,10,52,28,
37,38,45,28,52,84,33,50,65,1,36,81,96,10,58,73,85,68,43,31,75,26,25,93,64,4,24,60,11,12,49,46,48,23,0,69,67,53,22,62,7,90,63,80,39,77,47,14,13,61,72,2,91,30,42,20,94,70,59,79,99,41,9,34,54,6,71,98,32,86,40,19,35,66,78,29,97,18,56,3,76,92,51,95,5,15,74,44,21,89,16,87,83,82,57,8,27,88,17,55,10,10,61,19,
4,88,69,85,41,43,38,47,74,84,8,31,73,0,68,30,40,56,60,19,62,3,33,81,18,42,94,59,58,90,80,99,7,45,51,32,16,22,54,65,2,21,92,49,20,11,25,55,29,13,6,70,66,79,96,83,46,97,17,78,75,34,86,37,44,93,10,64,15,89,71,91,1,95,14,82,67,39,48,50,35,57,24,87,27,61,63,23,52,98,76,36,53,5,72,9,26,12,28,77,10,10,57,23,
6,85,39,1,37,50,5,49,83,89,34,75,3,86,36,77,30,98,2,24,22,4,8,19,79,55,23,58,68,78,95,74,44,67,10,43,0,80,56,25,54,71,45,99,93,57,66,60,12,69,41,47,91,28,18,94,20,96,33,59,29,97,40,73,9,35,32,84,92,46,51,82,53,52,72,76,14,62,31,65,17,81,7,11,26,48,16,70,88,38,27,64,61,63,13,21,42,87,15,90,10,10,45,35,
94,76,65,73,64,28,45,78,48,99,16,29,59,8,81,15,77,18,54,41,79,23,50,60,91,27,30,3,80,82,66,39,19,83,95,55,11,86,70,74,75,97,68,90,0,49,33,58,85,20,32,38,63,4,46,21,7,87,96,10,22,56,31,25,13,62,71,53,9,6,5,34,40,88,61,92,47,24,51,37,89,1,12,35,17,36,57,43,84,42,93,72,98,69,52,2,26,44,67,14,10,10,53,27,
83,75,86,32,35,31,63,43,61,27,48,79,71,53,76,56,58,12,15,10,95,17,85,34,29,93,23,40,45,14,30,64,98,84,44,94,66,5,11,90,65,39,91,82,87,36,21,92,47,49,24,50,55,33,41,67,4,89,28,19,18,3,57,25,96,97,52,42,77,72,60,51,81,62,88,6,26,73,0,7,46,54,8,78,1,2,16,70,38,99,37,20,74,59,80,13,22,9,69,68,10,10,50,30,
21,13,43,9,46,6,59,69,7,2,33,76,0,35,88,12,8,17,68,83,34,94,42,25,18,60,19,26,90,28,27,81,37,57,52,14,72,62,92,10,50,15,74,98,67,99,29,75,71,51,3,4,84,80,70,96,85,56,82,36,86,30,11,89,47,55,97,22,79,63,20,39,31,23,53,40,48,38,44,65,64,93,78,58,73,54,66,49,77,95,45,1,32,41,5,87,61,16,91,24,10,10,64,16,
35,25,64,56,6,78,39,98,85,11,92,55,17,68,44,97,89,27,62,7,20,61,70,79,28,14,81,15,29,90,49,58,42,8,40,94,84,5,37,26,23,1,52,83,45,41,67,2,34,51,22,33,24,0,30,91,57,65,43,99,32,86,80,53,73,82,74,13,38,63,60,18,36,69,46,71,93,77,31,10,21,54,47,95,96,72,87,4,16,9,19,75,50,12,48,76,59,66,88,3,10,10,55,25,
20,52,70,38,88,44,89,71,21,41,45,54,47,39,28,78,36,72,49,0,61,11,25,16,60,23,91,8,3,84,57,4,6,82,75,96,50,46,74,73,98,14,37,83,18,29,33,5,1,95,94,31,51,15,76,63,10,90,66,67,55,59,93,79,43,7,87,24,35,30,80,92,42,77,85,26,13,68,9,12,65,27,34,64,97,56,81,53,58,86,17,69,62,19,32,48,40,2,99,22,10,10,51,29,
8,64,55,41,37,75,83,76,54,13,74,35,38,46,88,39,31,5,61,2,28,3,12,11,70,92,33,10,51,25,95,27,59,15,48,4,97,45,7,36,0,85,62,23,18,53,78,80,9,14,65,43,66,86,52,21,32,82,26,60,1,89,29,73,16,22,30,47,84,91,58,40,87,99,24,93,90,94,19,34,72,67,57,68,50,71,17,69,6,96,79,56,20,63,42,49,77,44,98,81,10,10,54,26,
77,61,72,62,40,84,8,1,29,90,74,30,73,89,47,86,39,69,18,99,5,36,96,25,92,3,44,15,56,85,22,17,48,12,16,79,13,14,0,24,37,81,87,88,93,28,33,9,97,65,57,10,31,70,2,42,52,83,98,82,51,4,54,76,58,49,91,80,19,38,67,27,68,6,21,63,50,75,26,55,46,94,95,11,78,41,53,32,43,66,60,34,71,23,20,59,7,64,35,45,10,10,59,21,
82,38,74,26,52,12,85,69,7,5,41,92,49,23,27,47,0,8,90,58,1,15,89,54,57,70,61,75,55,67,45,30,28,86,71,48,78,97,99,96,91,87,53,65,16,39,72,80,51,36,95,17,98,93,25,32,83,66,64,20,35,76,68,31,73,37,94,62,24,56,33,22,18,44,29,77,63,60,21,43,84,2,6,11,3,14,81,88,4,46,13,42,19,9,59,34,10,79,50,40,10,10,55,25,
22,63,71,53,20,37,44,38,11,42,59,0,33,28,95,90,83,2,78,57,80,85,46,39,64,31,68,9,93,84,4,99,81,58,6,32,56,43,7,77,98,10,30,91,35,15,61,89,69,3,13,65,51,36,16,17,50,87,88,34,18,96,40,14,60,75,1,67,52,97,45,74,27,94,24,5,73,47,66,26,76,12,41,62,54,86,19,55,48,23,25,82,29,72,92,79,70,21,8,49,10,10,51,29,
23,19,49,88,92,97,79,45,68,84,93,8,17,10,1,78,60,39,56,18,38,47,6,71,80,86,26,25,5,14,20,36,12,24,51,2,90,41,81,0,85,69,89,7,95,72,31,46,54,27,3,15,9,98,96,70,77,52,50,37,40,34,28,22,73,44,4,94,87,64,11,13,65,30,33,35,76,99,61,75,21,74,53,91,42,57,83,67,82,59,43,58,55,48,29,66,62,63,16,32,10,10,54,26,
96,30,11,67,37,27,26,87,44,49,99,61,20,57,34,93,88,28,55,71,60,75,45,21,79,43,77,69,50,16,19,59,15,81,53,68,65,10,95,38,72,91,62,98,90,36,3,46,83,0,48,1,31,64,13,58,52,85,63,39,66,22,42,7,29,80,97,54,8,47,94,24,74,18,35,70,9,51,33,78,92,32,76,86,4,14,23,82,84,89,40,41,73,6,25,5,17,56,12,2,10,10,56,24,
73,66,53,71,37,65,92,6,23,30,29,40,68,35,75,17,47,50,15,1,78,88,4,28,74,41,56,58,20,85,33,52,42,13,80,54,49,11,36,86,77,46,7,97,83,93,0,43,82,70,87,72,19,12,18,76,67,3,63,62,5,99,21,84,90,98,79,38,48,9,14,94,69,8,81,34,59,91,24,27,45,60,55,16,51,89,10,2,64,57,25,96,22,95,61,31,32,26,39,44,10,10,61,19,
68,34,8,49,22,11,71,20,69,45,29,52,27,88,6,89,24,14,41,13,19,70,80,26,81,79,73,58,42,95,9,4,12,21,67,55,82,35,16,78,87,64,18,84,90,48,61,62,51,2,72,57,91,17,10,38,0,66,7,46,15,76,23,37,3,40,36,28,86,77,1,59,47,5,60,39,98,92,63,83,74,32,75,56,25,50,85,97,30,44,99,53,94,54,33,65,96,43,93,31,10,10,57,23,
57,36,96,77,14,5,15,90,91,6,19,39,52,13,75,49,80,83,40,23,97,56,9,48,84,68,31,86,74,1,37,16,44,87,81,21,30,72,29,98,65,63,4,92,33,99,95,62,93,25,47,42,64,85,45,55,61,67,27,50,53,70,43,20,41,88,73,69,71,78,89,66,54,2,24,32,94,8,46,26,28,82,76,10,11,58,0,12,60,59,7,3,18,79,22,38,51,34,17,35,10,10,58,22,
89,73,22,15,21,13,25,65,0,9,82,92,42,17,86,8,26,1,84,80,72,51,58,27,7,23,5,50,87,57,40,97,74,28,49,35,43,11,6,31,32,91,99,60,36,39,47,96,46,98,94,85,24,30,20,90,54,44,70,38,62,83,18,59,12,37,48,55,71,29,53,66,93,2,64,77,88,16,78,67,45,14,68,79,34,10,4,95,63,61,69,56,75,19,81,3,76,33,52,41,10,10,50,30,
93,27,61,71,67,8,64,32,39,69,35,76,11,50,94,40,13,59,18,25,53,90,12,56,79,92,77,75,36,4,89,24,26,9,73,91,44,88,99,28,98,78,54,45,95,7,72,46,0,17,49,48,14,22,70,57,3,38,10,33,85,74,55,60,41,16,96,21,43,86,15,63,31,68,30,58,66,37,51,83,87,47,81,42,20,84,62,1,23,52,97,19,2,80,34,6,29,5,82,65,10,10,56,24,
23,72,30,54,51,70,48,78,61,29,44,38,97,83,62,39,42,77,13,82,88,25,35,8,17,50,37,84,12,14,93,64,43,10,53,46,99,89,5,81,91,3,52,68,4,80,45,21,27,87,20,41,18,56,36,9,92,32,59,66,24,96,67,90,0,69,74,55,16,26,75,58,19,34,49,47,71,15,1,94,95,63,65,6,86,28,7,40,79,57,60,73,98,33,85,2,22,31,76,11,10,10,49,31,
3,99,38,32,80,40,92,0,76,85,89,44,96,16,68,17,19,58,45,98,26,46,64,95,61,54,7,18,93,75,31,71,94,57,21,6,66,78,34,35,29,48,13,22,49,25,77,39,59,69,47,91,9,86,27,88,83,82,41,36,20,10,53,63,52,42,72,62,90,30,1,55,74,81,84,2,79,43,97,87,14,24,15,51,8,67,65,70,50,33,60,73,28,5,56,37,11,12,23,4,10,10,56,24,
88,9,13,54,23,30,66,14,4,22,16,7,5,17,77,89,72,40,15,25,86,31,53,33,64,56,71,50,28,79,99,55,42,76,21,94,41,62,87,48,43,38,10,47,58,35,69,91,67,3,95,34,98,46,97,1,75,8,2,0,78,96,37,36,32,65,51,85,52,60,26,24,49,18,12,84,63,6,74,61,90,20,27,57,68,82,73,45,83,81,93,59,70,19,80,29,39,92,44,11,10,10,57,23,
47,99,6,21,30,50,67,65,80,5,20,7,22,36,17,42,34,95,27,69,16,14,40,87,59,71,91,83,24,29,48,56,12,23,94,82,31,90,62,41,96,32,45,98,74,51,86,19,77,72,43,61,76,1,89,81,35,66,79,52,73,70,9,93,26,63,25,15,92,57,3,85,10,28,64,78,38,0,84,97,53,4,75,60,55,39,8,68,37,11,44,33,54,46,49,18,88,2,58,13,10,10,52,28,
86,18,89,12,33,81,9,16,26,14,62,44,4,94,53,28,66,84,96,87,91,77,63,21,92,15,24,75,57,76,43,11,59,36,88,82,67,52,70,30,97,65,2,48,80,35,74,56,46,99,31,10,42,13,61,5,40,72,20,8,60,85,73,6,64,7,27,32,51,78,39,95,1,98,49,0,34,83,90,58,93,79,37,23,17,3,55,50,41,69,71,68,25,38,19,45,54,29,47,22,10,10,63,17,
10,80,90,69,81,92,58,78,44,7,55,11,75,17,48,89,22,61,21,56,93,37,49,6,12,77,35,26,13,53,18,95,19,41,29,99,8,3,27,15,73,42,91,97,94,62,52,38,54,88,96,82,25,24,47,40,60,72,16,83,67,57,39,5,30,59,86,1,79,71,45,70,85,23,34,46,43,64,50,74,20,66,32,51,36,28,84,14,76,87,4,0,65,63,31,9,33,2,68,98,10,10,58,22,
83,18,75,4,17,43,88,58,78,20,50,15,38,42,13,28,68,48,82,25,0,47,66,97,8,40,73,95,60,56,53,31,62,59,11,37,69,92,77,94,34,70,98,86,55,89,64,22,6,36,14,27,51,79,44,87,93,65,61,16,9,29,63,57,96,12,19,71,49,23,99,10,84,54,39,3,80,1,74,35,2,90,33,72,52,91,24,46,30,81,32,76,21,67,7,85,26,45,5,41,10,10,52,28,
68,26,97,73,52,5,78,76,91,13,34,12,70,67,79,51,64,0,22,69,77,1,66,14,4,81,48,47,84,21,19,95,41,15,62,99,85,90,87,3,49,57,8,86,82,39,32,33,98,10,28,46,29,2,50,92,40,53,88,93,54,42,61,65,45,37,17,83,89,11,74,38,36,58,56,7,72,94,16,44,6,30,23,20,31,60,75,35,63,25,71,55,27,24,43,9,59,18,96,80,10,10,58,22,
23,26,61,56,42,41,16,92,39,66,35,75,88,87,82,9,93,31,54,2,51,64,65,40,69,43,46,57,29,99,83,67,53,68,28,73,74,72,25,77,32,44,37,58,55,71,86,5,8,18,79,90,70,0,21,62,12,24,94,36,20,17,6,84,7,30,85,95,50,60,38,98,91,80,59,11,96,78,81,48,97,89,76,22,14,19,15,1,33,34,63,4,3,45,49,47,10,52,13,27,10,10,47,33,
79,99,3,85,98,17,18,77,9,26,67,88,86,64,60,53,24,14,59,39,72,92,46,69,73,90,49,42,81,56,75,19,66,28,63,91,38,25,48,10,68,8,62,96,22,52,50,12,6,57,30,27,58,16,45,51,74,95,34,94,87,0,54,93,76,1,41,21,71,7,15,37,55,83,36,4,32,80,35,13,31,65,2,47,97,61,11,29,78,84,70,5,89,43,40,33,82,23,44,20,10,10,60,20,
13,26,17,32,52,70,99,88,22,5,97,78,6,69,94,30,42,58,60,57,80,82,45,92,24,9,91,67,20,81,21,2,43,16,48,34,62,0,98,23,12,77,76,79,19,66,54,3,40,8,85,35,27,73,86,49,71,84,29,33,25,63,93,51,83,1,90,61,15,39,14,36,64,10,7,11,18,50,95,28,4,72,46,53,74,44,55,56,38,41,68,31,87,89,75,96,65,47,59,37,10,10,53,27,
80,87,4,18,84,61,50,72,94,8,16,95,44,13,27,41,37,49,70,45,60,63,73,39,75,12,40,88,47,81,64,5,53,76,2,98,31,68,58,15,65,24,52,1,48,10,29,67,78,91,56,14,0,30,83,32,35,17,19,22,36,9,21,57,20,86,43,6,74,51,23,69,77,11,82,89,26,3,28,62,55,79,25,54,93,97,92,7,33,96,59,85,34,90,38,66,99,71,42,46,10,10,56,24,
76,73,68,91,38,9,16,29,5,10,25,83,33,26,46,40,89,2,82,49,67,69,7,77,45,72,32,98,94,51,30,63,90,50,79,61,56,39,22,84,3,71,17,44,12,95,28,99,57,70,19,60,80,93,97,78,27,81,15,58,34,36,24,92,23,52,47,96,75,86,59,53,74,88,13,4,43,64,87,11,62,35,6,31,37,65,55,66,48,18,1,8,41,42,54,14,0,21,20,85,10,10,60,20,
19,75,27,28,31,84,17,82,93,47,67,37,78,57,98,10,66,65,9,34,24,74,86,4,30,61,42,53,38,11,26,40,21,0,56,85,39,59,63,18,6,95,91,16,79,92,58,64,48,99,1,35,94,50,22,97,2,90,73,12,70,80,83,60,20,45,51,49,23,41,68,3,72,44,8,46,5,33,43,7,71,77,14,54,13,76,69,36,29,32,88,55,25,52,15,87,62,89,96,81,10,10,52,28,
62,77,65,85,60,87,21,59,22,48,86,7,27,75,44,5,13,73,31,80,78,49,74,16,61,57,4,3,42,83,51,92,20,84,47,64,93,71,2,52,39,40,15,50,70,82,32,98,12,14,18,9,35,55,10,88,97,76,24,8,72,37,96,33,69,43,66,95,67,45,53,1,6,89,79,36,68,11,0,54,91,19,41,30,17,28,29,23,58,94,26,25,90,81,63,38,34,46,99,56,10,10,57,23,
G100 Best cost: 5900.215245769111
G100 Best chromosome: 95,66,13,62,63,25,60,75,32,80,54,98,26,56,36,34,1,97,73,10,77,47,40,79,67,16,93,18,41,71,7,49,83,23,65,38,44,3,52,85,82,20,59,29,22,89,45,74,70,48,0,5,4,21,12,28,19,8,94,86,9,64,76,17,91,14,72,43,6,30,58,2,61,78,87,99,15,24,57,42,35,27,33,92,53,37,39,81,90,11,68,46,51,50,88,84,69,31,55,96,10,10,48,32,
G200 Best cost: 5765.275101095518
G200 Best chromosome: 39,81,90,11,68,46,51,50,88,84,69,31,55,96,95,13,62,63,25,60,75,80,54,98,26,56,36,34,1,10,77,47,40,79,67,16,93,18,41,71,7,49,83,23,65,38,44,3,52,85,82,20,59,29,22,89,45,74,70,48,0,5,4,21,12,28,19,8,94,9,64,76,17,91,14,72,43,6,30,57,66,73,97,32,37,86,58,2,61,78,87,99,15,24,42,35,27,33,92,53,10,10,59,21,
G300 Best cost: 5691.7439580366745
G300 Best chromosome: 64,76,17,91,14,43,30,73,32,61,15,42,35,27,33,92,53,39,81,90,11,68,46,50,88,84,69,31,16,18,41,71,7,83,65,38,44,52,82,20,59,29,45,74,70,0,5,21,19,8,94,9,72,6,57,66,97,37,86,58,2,78,87,99,24,62,89,85,51,55,96,95,13,63,25,60,75,80,54,98,26,56,36,34,1,10,77,47,40,79,67,93,49,23,3,22,48,4,12,28,10,10,54,26,
G400 Best cost: 5596.662887154165
G400 Best chromosome: 99,24,62,89,85,55,96,95,63,25,60,75,80,54,98,26,56,13,10,32,36,34,1,69,51,77,47,40,79,67,93,49,23,3,22,48,4,12,28,64,76,17,91,14,43,30,73,61,15,42,35,27,33,92,53,39,81,90,11,68,46,50,88,84,31,16,18,41,71,7,83,65,38,44,52,82,20,59,29,45,74,70,0,5,21,19,8,94,9,72,6,57,66,97,37,86,58,2,78,87,10,10,52,28,
G500 Best cost: 5596.662887154165
G500 Best chromosome: 99,24,62,89,85,55,96,95,63,25,60,75,80,54,98,26,56,13,10,32,36,34,1,69,51,77,47,40,79,67,93,49,23,3,22,48,4,12,28,64,76,17,91,14,43,30,73,61,15,42,35,27,33,92,53,39,81,90,11,68,46,50,88,84,31,16,18,41,71,7,83,65,38,44,52,82,20,59,29,45,74,70,0,5,21,19,8,94,9,72,6,57,66,97,37,86,58,2,78,87,10,10,52,28,
G600 Best cost: 5596.662887154165
G600 Best chromosome: 99,24,62,89,85,55,96,95,63,25,60,75,80,54,98,26,56,13,10,32,36,34,1,69,51,77,47,40,79,67,93,49,23,3,22,48,4,12,28,64,76,17,91,14,43,30,73,61,15,42,35,27,33,92,53,39,81,90,11,68,46,50,88,84,31,16,18,41,71,7,83,65,38,44,52,82,20,59,29,45,74,70,0,5,21,19,8,94,9,72,6,57,66,97,37,86,58,2,78,87,10,10,52,28,
G700 Best cost: 5596.662887154165
G700 Best chromosome: 99,24,62,89,85,55,96,95,63,25,60,75,80,54,98,26,56,13,10,32,36,34,1,69,51,77,47,40,79,67,93,49,23,3,22,48,4,12,28,64,76,17,91,14,43,30,73,61,15,42,35,27,33,92,53,39,81,90,11,68,46,50,88,84,31,16,18,41,71,7,83,65,38,44,52,82,20,59,29,45,74,70,0,5,21,19,8,94,9,72,6,57,66,97,37,86,58,2,78,87,10,10,52,28,
G800 Best cost: 5596.662887154165
G800 Best chromosome: 99,24,62,89,85,55,96,95,63,25,60,75,80,54,98,26,56,13,10,32,36,34,1,69,51,77,47,40,79,67,93,49,23,3,22,48,4,12,28,64,76,17,91,14,43,30,73,61,15,42,35,27,33,92,53,39,81,90,11,68,46,50,88,84,31,16,18,41,71,7,83,65,38,44,52,82,20,59,29,45,74,70,0,5,21,19,8,94,9,72,6,57,66,97,37,86,58,2,78,87,10,10,52,28,
G900 Best cost: 5582.8309507230515
G900 Best chromosome: 57,66,97,37,86,58,2,78,87,99,24,62,89,85,55,96,95,63,25,60,75,80,54,98,26,56,13,10,32,36,34,1,69,51,77,47,40,79,67,93,49,23,3,22,48,4,12,28,64,76,17,91,14,43,30,73,61,15,42,35,27,33,92,53,39,81,90,11,68,46,50,88,84,31,16,18,41,71,7,83,65,38,44,52,82,20,59,29,45,74,70,0,5,21,19,8,94,9,72,6,10,10,53,27,
G1000 Best cost: 5527.69330413067
G1000 Best chromosome: 61,15,42,35,27,33,92,53,39,81,90,11,68,46,50,88,84,31,16,18,41,71,7,65,38,44,52,82,20,59,29,74,70,0,5,21,19,8,94,9,72,57,97,37,86,58,87,79,60,6,4,91,83,78,45,66,2,99,24,62,89,85,55,96,95,63,25,75,80,54,98,26,56,13,10,32,36,34,1,69,51,77,47,40,67,93,49,23,3,22,48,12,28,64,76,17,14,43,30,73,10,10,63,17,
G1100 Best cost: 5527.69330413067
G1100 Best chromosome: 61,15,42,35,27,33,92,53,39,81,90,11,68,46,50,88,84,31,16,18,41,71,7,65,38,44,52,82,20,59,29,74,70,0,5,21,19,8,94,9,72,57,97,37,86,58,87,79,60,6,4,91,83,78,45,66,2,99,24,62,89,85,55,96,95,63,25,75,80,54,98,26,56,13,10,32,36,34,1,69,51,77,47,40,67,93,49,23,3,22,48,12,28,64,76,17,14,43,30,73,10,10,63,17,
G1200 Best cost: 5481.963451706293
G1200 Best chromosome: 99,24,62,89,85,55,96,95,63,25,75,80,54,98,26,56,13,10,32,36,34,1,69,51,77,47,40,67,93,23,3,22,48,12,28,64,76,17,14,43,30,73,61,15,42,35,27,33,92,53,39,81,90,11,68,46,49,50,88,84,31,16,18,41,71,7,65,38,44,52,82,20,59,29,74,70,0,5,21,19,8,94,9,72,57,97,37,86,58,87,79,60,6,4,91,83,78,45,66,2,10,10,45,35,
G1300 Best cost: 5477.372936274733
G1300 Best chromosome: 16,18,41,71,7,65,38,44,52,82,20,59,29,74,70,0,5,21,19,8,94,9,72,57,97,37,86,58,87,79,60,6,4,91,83,78,45,66,2,99,24,62,89,85,96,95,63,25,75,80,54,98,26,56,13,10,32,36,34,92,55,1,69,51,77,47,40,67,93,23,3,22,48,12,28,64,76,17,14,43,30,73,61,15,42,35,27,33,53,39,81,90,11,68,46,49,50,88,84,31,10,10,50,30,
G1400 Best cost: 5344.472772268517
G1400 Best chromosome: 14,43,30,73,61,15,42,35,27,33,53,39,81,90,68,46,49,50,88,84,31,16,18,41,71,7,65,38,44,52,82,20,59,29,74,70,0,5,21,19,8,94,9,72,57,97,37,86,58,87,79,60,6,4,91,83,78,45,66,2,99,24,62,89,85,96,95,63,25,75,80,54,98,26,56,13,10,11,32,36,34,92,55,1,69,51,77,47,40,67,93,23,3,22,48,12,28,64,76,17,10,10,55,25,
G1500 Best cost: 5264.421231851638
G1500 Best chromosome: 12,28,64,76,17,14,43,30,73,61,15,42,35,27,33,53,39,90,68,46,49,50,88,84,31,16,18,41,71,7,65,38,44,52,82,20,59,29,74,70,0,5,21,19,8,94,9,72,57,97,37,86,58,87,79,60,6,4,91,83,78,45,66,2,99,24,62,89,96,95,63,25,75,80,54,98,26,56,13,10,11,32,36,34,92,55,1,69,51,77,47,40,67,81,85,93,23,3,22,48,10,10,40,40,
G1600 Best cost: 5264.421231851638
G1600 Best chromosome: 12,28,64,76,17,14,43,30,73,61,15,42,35,27,33,53,39,90,68,46,49,50,88,84,31,16,18,41,71,7,65,38,44,52,82,20,59,29,74,70,0,5,21,19,8,94,9,72,57,97,37,86,58,87,79,60,6,4,91,83,78,45,66,2,99,24,62,89,96,95,63,25,75,80,54,98,26,56,13,10,11,32,36,34,92,55,1,69,51,77,47,40,67,81,85,93,23,3,22,48,10,10,40,40,
G1700 Best cost: 5264.421231851638
G1700 Best chromosome: 12,28,64,76,17,14,43,30,73,61,15,42,35,27,33,53,39,90,68,46,49,50,88,84,31,16,18,41,71,7,65,38,44,52,82,20,59,29,74,70,0,5,21,19,8,94,9,72,57,97,37,86,58,87,79,60,6,4,91,83,78,45,66,2,99,24,62,89,96,95,63,25,75,80,54,98,26,56,13,10,11,32,36,34,92,55,1,69,51,77,47,40,67,81,85,93,23,3,22,48,10,10,40,40,
G1800 Best cost: 5264.421231851638
G1800 Best chromosome: 12,28,64,76,17,14,43,30,73,61,15,42,35,27,33,53,39,90,68,46,49,50,88,84,31,16,18,41,71,7,65,38,44,52,82,20,59,29,74,70,0,5,21,19,8,94,9,72,57,97,37,86,58,87,79,60,6,4,91,83,78,45,66,2,99,24,62,89,96,95,63,25,75,80,54,98,26,56,13,10,11,32,36,34,92,55,1,69,51,77,47,40,67,81,85,93,23,3,22,48,10,10,40,40,
G1900 Best cost: 5264.421231851638
G1900 Best chromosome: 12,28,64,76,17,14,43,30,73,61,15,42,35,27,33,53,39,90,68,46,49,50,88,84,31,16,18,41,71,7,65,38,44,52,82,20,59,29,74,70,0,5,21,19,8,94,9,72,57,97,37,86,58,87,79,60,6,4,91,83,78,45,66,2,99,24,62,89,96,95,63,25,75,80,54,98,26,56,13,10,11,32,36,34,92,55,1,69,51,77,47,40,67,81,85,93,23,3,22,48,10,10,40,40,
G2000 Best cost: 5264.421231851638
G2000 Best chromosome: 12,28,64,76,17,14,43,30,73,61,15,42,35,27,33,53,39,90,68,46,49,50,88,84,31,16,18,41,71,7,65,38,44,52,82,20,59,29,74,70,0,5,21,19,8,94,9,72,57,97,37,86,58,87,79,60,6,4,91,83,78,45,66,2,99,24,62,89,96,95,63,25,75,80,54,98,26,56,13,10,11,32,36,34,92,55,1,69,51,77,47,40,67,81,85,93,23,3,22,48,10,10,40,40,
G2100 Best cost: 5264.421231851638
G2100 Best chromosome: 12,28,64,76,17,14,43,30,73,61,15,42,35,27,33,53,39,90,68,46,49,50,88,84,31,16,18,41,71,7,65,38,44,52,82,20,59,29,74,70,0,5,21,19,8,94,9,72,57,97,37,86,58,87,79,60,6,4,91,83,78,45,66,2,99,24,62,89,96,95,63,25,75,80,54,98,26,56,13,10,11,32,36,34,92,55,1,69,51,77,47,40,67,81,85,93,23,3,22,48,10,10,40,40,
G2200 Best cost: 5264.421231851638
G2200 Best chromosome: 12,28,64,76,17,14,43,30,73,61,15,42,35,27,33,53,39,90,68,46,49,50,88,84,31,16,18,41,71,7,65,38,44,52,82,20,59,29,74,70,0,5,21,19,8,94,9,72,57,97,37,86,58,87,79,60,6,4,91,83,78,45,66,2,99,24,62,89,96,95,63,25,75,80,54,98,26,56,13,10,11,32,36,34,92,55,1,69,51,77,47,40,67,81,85,93,23,3,22,48,10,10,40,40,
G2300 Best cost: 5264.421231851638
G2300 Best chromosome: 12,28,64,76,17,14,43,30,73,61,15,42,35,27,33,53,39,90,68,46,49,50,88,84,31,16,18,41,71,7,65,38,44,52,82,20,59,29,74,70,0,5,21,19,8,94,9,72,57,97,37,86,58,87,79,60,6,4,91,83,78,45,66,2,99,24,62,89,96,95,63,25,75,80,54,98,26,56,13,10,11,32,36,34,92,55,1,69,51,77,47,40,67,81,85,93,23,3,22,48,10,10,40,40,
G2400 Best cost: 5264.421231851638
G2400 Best chromosome: 12,28,64,76,17,14,43,30,73,61,15,42,35,27,33,53,39,90,68,46,49,50,88,84,31,16,18,41,71,7,65,38,44,52,82,20,59,29,74,70,0,5,21,19,8,94,9,72,57,97,37,86,58,87,79,60,6,4,91,83,78,45,66,2,99,24,62,89,96,95,63,25,75,80,54,98,26,56,13,10,11,32,36,34,92,55,1,69,51,77,47,40,67,81,85,93,23,3,22,48,10,10,40,40,
G2500 Best cost: 5264.421231851638
G2500 Best chromosome: 12,28,64,76,17,14,43,30,73,61,15,42,35,27,33,53,39,90,68,46,49,50,88,84,31,16,18,41,71,7,65,38,44,52,82,20,59,29,74,70,0,5,21,19,8,94,9,72,57,97,37,86,58,87,79,60,6,4,91,83,78,45,66,2,99,24,62,89,96,95,63,25,75,80,54,98,26,56,13,10,11,32,36,34,92,55,1,69,51,77,47,40,67,81,85,93,23,3,22,48,10,10,40,40,
G2600 Best cost: 5264.421231851638
G2600 Best chromosome: 12,28,64,76,17,14,43,30,73,61,15,42,35,27,33,53,39,90,68,46,49,50,88,84,31,16,18,41,71,7,65,38,44,52,82,20,59,29,74,70,0,5,21,19,8,94,9,72,57,97,37,86,58,87,79,60,6,4,91,83,78,45,66,2,99,24,62,89,96,95,63,25,75,80,54,98,26,56,13,10,11,32,36,34,92,55,1,69,51,77,47,40,67,81,85,93,23,3,22,48,10,10,40,40,
G2700 Best cost: 5264.421231851638
G2700 Best chromosome: 12,28,64,76,17,14,43,30,73,61,15,42,35,27,33,53,39,90,68,46,49,50,88,84,31,16,18,41,71,7,65,38,44,52,82,20,59,29,74,70,0,5,21,19,8,94,9,72,57,97,37,86,58,87,79,60,6,4,91,83,78,45,66,2,99,24,62,89,96,95,63,25,75,80,54,98,26,56,13,10,11,32,36,34,92,55,1,69,51,77,47,40,67,81,85,93,23,3,22,48,10,10,40,40,
G2800 Best cost: 5264.421231851638
G2800 Best chromosome: 12,28,64,76,17,14,43,30,73,61,15,42,35,27,33,53,39,90,68,46,49,50,88,84,31,16,18,41,71,7,65,38,44,52,82,20,59,29,74,70,0,5,21,19,8,94,9,72,57,97,37,86,58,87,79,60,6,4,91,83,78,45,66,2,99,24,62,89,96,95,63,25,75,80,54,98,26,56,13,10,11,32,36,34,92,55,1,69,51,77,47,40,67,81,85,93,23,3,22,48,10,10,40,40,
G2900 Best cost: 5264.421231851638
G2900 Best chromosome: 12,28,64,76,17,14,43,30,73,61,15,42,35,27,33,53,39,90,68,46,49,50,88,84,31,16,18,41,71,7,65,38,44,52,82,20,59,29,74,70,0,5,21,19,8,94,9,72,57,97,37,86,58,87,79,60,6,4,91,83,78,45,66,2,99,24,62,89,96,95,63,25,75,80,54,98,26,56,13,10,11,32,36,34,92,55,1,69,51,77,47,40,67,81,85,93,23,3,22,48,10,10,40,40,
G3000 Best cost: 5264.421231851638
G3000 Best chromosome: 12,28,64,76,17,14,43,30,73,61,15,42,35,27,33,53,39,90,68,46,49,50,88,84,31,16,18,41,71,7,65,38,44,52,82,20,59,29,74,70,0,5,21,19,8,94,9,72,57,97,37,86,58,87,79,60,6,4,91,83,78,45,66,2,99,24,62,89,96,95,63,25,75,80,54,98,26,56,13,10,11,32,36,34,92,55,1,69,51,77,47,40,67,81,85,93,23,3,22,48,10,10,40,40,
G3100 Best cost: 5264.421231851638
G3100 Best chromosome: 12,28,64,76,17,14,43,30,73,61,15,42,35,27,33,53,39,90,68,46,49,50,88,84,31,16,18,41,71,7,65,38,44,52,82,20,59,29,74,70,0,5,21,19,8,94,9,72,57,97,37,86,58,87,79,60,6,4,91,83,78,45,66,2,99,24,62,89,96,95,63,25,75,80,54,98,26,56,13,10,11,32,36,34,92,55,1,69,51,77,47,40,67,81,85,93,23,3,22,48,10,10,40,40,
G3200 Best cost: 5264.421231851638
G3200 Best chromosome: 12,28,64,76,17,14,43,30,73,61,15,42,35,27,33,53,39,90,68,46,49,50,88,84,31,16,18,41,71,7,65,38,44,52,82,20,59,29,74,70,0,5,21,19,8,94,9,72,57,97,37,86,58,87,79,60,6,4,91,83,78,45,66,2,99,24,62,89,96,95,63,25,75,80,54,98,26,56,13,10,11,32,36,34,92,55,1,69,51,77,47,40,67,81,85,93,23,3,22,48,10,10,40,40,
G3300 Best cost: 5258.798907162453
G3300 Best chromosome: 14,43,30,73,85,61,15,42,35,27,33,53,39,90,68,46,49,50,88,84,31,16,18,41,71,7,65,38,44,52,82,20,59,29,74,70,0,5,21,19,8,94,9,72,57,97,37,86,58,87,79,60,6,4,91,83,78,45,66,2,99,24,62,89,96,95,63,25,75,80,54,98,26,56,13,10,11,32,36,34,92,55,1,69,51,77,47,40,67,81,93,23,3,22,48,12,28,64,76,17,10,10,58,22,
G3400 Best cost: 5258.798907162453
G3400 Best chromosome: 14,43,30,73,85,61,15,42,35,27,33,53,39,90,68,46,49,50,88,84,31,16,18,41,71,7,65,38,44,52,82,20,59,29,74,70,0,5,21,19,8,94,9,72,57,97,37,86,58,87,79,60,6,4,91,83,78,45,66,2,99,24,62,89,96,95,63,25,75,80,54,98,26,56,13,10,11,32,36,34,92,55,1,69,51,77,47,40,67,81,93,23,3,22,48,12,28,64,76,17,10,10,58,22,
G3500 Best cost: 5258.798907162453
G3500 Best chromosome: 14,43,30,73,85,61,15,42,35,27,33,53,39,90,68,46,49,50,88,84,31,16,18,41,71,7,65,38,44,52,82,20,59,29,74,70,0,5,21,19,8,94,9,72,57,97,37,86,58,87,79,60,6,4,91,83,78,45,66,2,99,24,62,89,96,95,63,25,75,80,54,98,26,56,13,10,11,32,36,34,92,55,1,69,51,77,47,40,67,81,93,23,3,22,48,12,28,64,76,17,10,10,58,22,
G3600 Best cost: 5209.716567731585
G3600 Best chromosome: 48,12,28,64,76,17,14,43,30,73,85,61,15,42,35,27,53,39,68,49,50,88,84,31,16,18,41,71,7,65,38,44,52,82,20,59,29,74,0,5,21,19,8,94,9,72,57,97,37,86,58,87,79,6,4,91,83,78,66,2,99,24,62,89,95,63,25,75,80,54,98,26,13,10,11,32,36,34,92,55,1,69,51,77,40,70,90,56,96,60,47,45,33,46,67,81,93,23,3,22,10,10,46,34,
G3700 Best cost: 5190.688300617206
G3700 Best chromosome: 25,75,80,54,98,26,13,10,11,32,36,34,92,55,1,69,51,77,40,70,90,56,96,60,47,45,33,46,67,81,93,23,3,22,48,12,28,64,76,17,14,43,30,73,85,61,15,42,35,27,53,39,68,49,50,88,84,31,16,18,41,71,7,65,38,44,52,82,20,59,29,74,0,5,21,19,8,94,9,72,57,97,37,86,58,87,79,6,4,91,83,78,66,2,99,24,62,89,95,63,10,10,50,30,
G3800 Best cost: 5190.688300617206
G3800 Best chromosome: 25,75,80,54,98,26,13,10,11,32,36,34,92,55,1,69,51,77,40,70,90,56,96,60,47,45,33,46,67,81,93,23,3,22,48,12,28,64,76,17,14,43,30,73,85,61,15,42,35,27,53,39,68,49,50,88,84,31,16,18,41,71,7,65,38,44,52,82,20,59,29,74,0,5,21,19,8,94,9,72,57,97,37,86,58,87,79,6,4,91,83,78,66,2,99,24,62,89,95,63,10,10,50,30,
G3900 Best cost: 5190.688300617206
G3900 Best chromosome: 25,75,80,54,98,26,13,10,11,32,36,34,92,55,1,69,51,77,40,70,90,56,96,60,47,45,33,46,67,81,93,23,3,22,48,12,28,64,76,17,14,43,30,73,85,61,15,42,35,27,53,39,68,49,50,88,84,31,16,18,41,71,7,65,38,44,52,82,20,59,29,74,0,5,21,19,8,94,9,72,57,97,37,86,58,87,79,6,4,91,83,78,66,2,99,24,62,89,95,63,10,10,50,30,
G4000 Best cost: 5190.688300617206
G4000 Best chromosome: 25,75,80,54,98,26,13,10,11,32,36,34,92,55,1,69,51,77,40,70,90,56,96,60,47,45,33,46,67,81,93,23,3,22,48,12,28,64,76,17,14,43,30,73,85,61,15,42,35,27,53,39,68,49,50,88,84,31,16,18,41,71,7,65,38,44,52,82,20,59,29,74,0,5,21,19,8,94,9,72,57,97,37,86,58,87,79,6,4,91,83,78,66,2,99,24,62,89,95,63,10,10,50,30,
G4100 Best cost: 5190.688300617206
G4100 Best chromosome: 25,75,80,54,98,26,13,10,11,32,36,34,92,55,1,69,51,77,40,70,90,56,96,60,47,45,33,46,67,81,93,23,3,22,48,12,28,64,76,17,14,43,30,73,85,61,15,42,35,27,53,39,68,49,50,88,84,31,16,18,41,71,7,65,38,44,52,82,20,59,29,74,0,5,21,19,8,94,9,72,57,97,37,86,58,87,79,6,4,91,83,78,66,2,99,24,62,89,95,63,10,10,50,30,
G4200 Best cost: 5190.688300617206
G4200 Best chromosome: 25,75,80,54,98,26,13,10,11,32,36,34,92,55,1,69,51,77,40,70,90,56,96,60,47,45,33,46,67,81,93,23,3,22,48,12,28,64,76,17,14,43,30,73,85,61,15,42,35,27,53,39,68,49,50,88,84,31,16,18,41,71,7,65,38,44,52,82,20,59,29,74,0,5,21,19,8,94,9,72,57,97,37,86,58,87,79,6,4,91,83,78,66,2,99,24,62,89,95,63,10,10,50,30,
G4300 Best cost: 5178.300614315111
G4300 Best chromosome: 31,16,18,41,71,7,65,38,44,82,59,29,74,0,5,21,19,8,94,9,57,97,37,86,58,87,79,6,4,91,83,78,66,2,99,24,62,89,95,63,25,75,80,54,98,26,13,10,11,32,36,34,20,72,3,27,52,92,55,1,69,51,77,40,70,90,56,96,60,47,45,33,46,67,81,93,23,22,48,12,28,64,76,17,14,43,30,73,85,61,15,42,35,53,39,68,49,50,88,84,10,10,56,24,
G4400 Best cost: 5178.300614315111
G4400 Best chromosome: 31,16,18,41,71,7,65,38,44,82,59,29,74,0,5,21,19,8,94,9,57,97,37,86,58,87,79,6,4,91,83,78,66,2,99,24,62,89,95,63,25,75,80,54,98,26,13,10,11,32,36,34,20,72,3,27,52,92,55,1,69,51,77,40,70,90,56,96,60,47,45,33,46,67,81,93,23,22,48,12,28,64,76,17,14,43,30,73,85,61,15,42,35,53,39,68,49,50,88,84,10,10,56,24,
G4500 Best cost: 5104.014125597987
G4500 Best chromosome: 43,30,73,85,61,15,42,35,53,39,68,49,50,88,84,31,16,18,41,71,7,65,38,44,82,59,29,74,0,5,21,19,8,94,9,57,97,37,86,58,87,79,6,4,91,83,78,66,2,99,24,62,89,95,63,25,75,80,54,98,26,13,10,11,32,36,34,20,72,3,27,52,92,55,1,69,51,40,70,90,56,96,60,47,77,45,33,46,67,81,93,23,22,48,12,28,64,76,17,14,10,10,57,23,
G4600 Best cost: 4995.985755134339
G4600 Best chromosome: 49,50,88,84,31,16,18,41,40,70,90,71,7,65,38,44,82,59,29,74,0,5,21,19,8,94,9,57,97,37,86,58,87,79,6,4,91,83,78,66,2,99,24,62,89,95,63,25,75,80,54,98,26,13,10,11,32,36,34,20,72,3,27,52,92,55,1,69,51,56,96,60,47,77,45,33,46,67,81,93,23,22,48,12,28,64,76,17,14,43,30,73,85,61,15,42,35,53,39,68,10,10,54,26,
G4700 Best cost: 4971.350897914762
G4700 Best chromosome: 28,64,76,17,14,43,30,73,85,61,15,42,35,53,39,68,49,50,88,84,31,16,18,41,40,70,90,7,65,38,44,82,59,29,74,0,5,21,19,8,94,9,57,97,37,86,58,87,79,6,4,91,83,78,66,2,99,24,62,89,95,63,25,75,80,54,98,26,13,10,11,32,36,34,20,72,3,27,52,92,55,1,69,71,51,56,96,60,47,77,45,33,46,67,81,93,23,22,48,12,10,10,52,28,
G4800 Best cost: 4971.350897914762
G4800 Best chromosome: 28,64,76,17,14,43,30,73,85,61,15,42,35,53,39,68,49,50,88,84,31,16,18,41,40,70,90,7,65,38,44,82,59,29,74,0,5,21,19,8,94,9,57,97,37,86,58,87,79,6,4,91,83,78,66,2,99,24,62,89,95,63,25,75,80,54,98,26,13,10,11,32,36,34,20,72,3,27,52,92,55,1,69,71,51,56,96,60,47,77,45,33,46,67,81,93,23,22,48,12,10,10,52,28,
G4900 Best cost: 4971.350897914762
G4900 Best chromosome: 28,64,76,17,14,43,30,73,85,61,15,42,35,53,39,68,49,50,88,84,31,16,18,41,40,70,90,7,65,38,44,82,59,29,74,0,5,21,19,8,94,9,57,97,37,86,58,87,79,6,4,91,83,78,66,2,99,24,62,89,95,63,25,75,80,54,98,26,13,10,11,32,36,34,20,72,3,27,52,92,55,1,69,71,51,56,96,60,47,77,45,33,46,67,81,93,23,22,48,12,10,10,52,28,
G5000 Best cost: 4971.350897914762
G5000 Best chromosome: 28,64,76,17,14,43,30,73,85,61,15,42,35,53,39,68,49,50,88,84,31,16,18,41,40,70,90,7,65,38,44,82,59,29,74,0,5,21,19,8,94,9,57,97,37,86,58,87,79,6,4,91,83,78,66,2,99,24,62,89,95,63,25,75,80,54,98,26,13,10,11,32,36,34,20,72,3,27,52,92,55,1,69,71,51,56,96,60,47,77,45,33,46,67,81,93,23,22,48,12,10,10,52,28,
G5100 Best cost: 4971.350897914762
G5100 Best chromosome: 28,64,76,17,14,43,30,73,85,61,15,42,35,53,39,68,49,50,88,84,31,16,18,41,40,70,90,7,65,38,44,82,59,29,74,0,5,21,19,8,94,9,57,97,37,86,58,87,79,6,4,91,83,78,66,2,99,24,62,89,95,63,25,75,80,54,98,26,13,10,11,32,36,34,20,72,3,27,52,92,55,1,69,71,51,56,96,60,47,77,45,33,46,67,81,93,23,22,48,12,10,10,52,28,
G5200 Best cost: 4971.350897914762
G5200 Best chromosome: 28,64,76,17,14,43,30,73,85,61,15,42,35,53,39,68,49,50,88,84,31,16,18,41,40,70,90,7,65,38,44,82,59,29,74,0,5,21,19,8,94,9,57,97,37,86,58,87,79,6,4,91,83,78,66,2,99,24,62,89,95,63,25,75,80,54,98,26,13,10,11,32,36,34,20,72,3,27,52,92,55,1,69,71,51,56,96,60,47,77,45,33,46,67,81,93,23,22,48,12,10,10,52,28,
G5300 Best cost: 4971.350897914762
G5300 Best chromosome: 28,64,76,17,14,43,30,73,85,61,15,42,35,53,39,68,49,50,88,84,31,16,18,41,40,70,90,7,65,38,44,82,59,29,74,0,5,21,19,8,94,9,57,97,37,86,58,87,79,6,4,91,83,78,66,2,99,24,62,89,95,63,25,75,80,54,98,26,13,10,11,32,36,34,20,72,3,27,52,92,55,1,69,71,51,56,96,60,47,77,45,33,46,67,81,93,23,22,48,12,10,10,52,28,
G5400 Best cost: 4971.350897914762
G5400 Best chromosome: 28,64,76,17,14,43,30,73,85,61,15,42,35,53,39,68,49,50,88,84,31,16,18,41,40,70,90,7,65,38,44,82,59,29,74,0,5,21,19,8,94,9,57,97,37,86,58,87,79,6,4,91,83,78,66,2,99,24,62,89,95,63,25,75,80,54,98,26,13,10,11,32,36,34,20,72,3,27,52,92,55,1,69,71,51,56,96,60,47,77,45,33,46,67,81,93,23,22,48,12,10,10,52,28,
G5500 Best cost: 4971.350897914762
G5500 Best chromosome: 28,64,76,17,14,43,30,73,85,61,15,42,35,53,39,68,49,50,88,84,31,16,18,41,40,70,90,7,65,38,44,82,59,29,74,0,5,21,19,8,94,9,57,97,37,86,58,87,79,6,4,91,83,78,66,2,99,24,62,89,95,63,25,75,80,54,98,26,13,10,11,32,36,34,20,72,3,27,52,92,55,1,69,71,51,56,96,60,47,77,45,33,46,67,81,93,23,22,48,12,10,10,52,28,
G5600 Best cost: 4971.350897914762
G5600 Best chromosome: 28,64,76,17,14,43,30,73,85,61,15,42,35,53,39,68,49,50,88,84,31,16,18,41,40,70,90,7,65,38,44,82,59,29,74,0,5,21,19,8,94,9,57,97,37,86,58,87,79,6,4,91,83,78,66,2,99,24,62,89,95,63,25,75,80,54,98,26,13,10,11,32,36,34,20,72,3,27,52,92,55,1,69,71,51,56,96,60,47,77,45,33,46,67,81,93,23,22,48,12,10,10,52,28,
G5700 Best cost: 4971.350897914762
G5700 Best chromosome: 28,64,76,17,14,43,30,73,85,61,15,42,35,53,39,68,49,50,88,84,31,16,18,41,40,70,90,7,65,38,44,82,59,29,74,0,5,21,19,8,94,9,57,97,37,86,58,87,79,6,4,91,83,78,66,2,99,24,62,89,95,63,25,75,80,54,98,26,13,10,11,32,36,34,20,72,3,27,52,92,55,1,69,71,51,56,96,60,47,77,45,33,46,67,81,93,23,22,48,12,10,10,52,28,
G5800 Best cost: 4971.350897914762
G5800 Best chromosome: 28,64,76,17,14,43,30,73,85,61,15,42,35,53,39,68,49,50,88,84,31,16,18,41,40,70,90,7,65,38,44,82,59,29,74,0,5,21,19,8,94,9,57,97,37,86,58,87,79,6,4,91,83,78,66,2,99,24,62,89,95,63,25,75,80,54,98,26,13,10,11,32,36,34,20,72,3,27,52,92,55,1,69,71,51,56,96,60,47,77,45,33,46,67,81,93,23,22,48,12,10,10,52,28,
G5900 Best cost: 4971.350897914762
G5900 Best chromosome: 28,64,76,17,14,43,30,73,85,61,15,42,35,53,39,68,49,50,88,84,31,16,18,41,40,70,90,7,65,38,44,82,59,29,74,0,5,21,19,8,94,9,57,97,37,86,58,87,79,6,4,91,83,78,66,2,99,24,62,89,95,63,25,75,80,54,98,26,13,10,11,32,36,34,20,72,3,27,52,92,55,1,69,71,51,56,96,60,47,77,45,33,46,67,81,93,23,22,48,12,10,10,52,28,
G6000 Best cost: 4971.350897914762
G6000 Best chromosome: 28,64,76,17,14,43,30,73,85,61,15,42,35,53,39,68,49,50,88,84,31,16,18,41,40,70,90,7,65,38,44,82,59,29,74,0,5,21,19,8,94,9,57,97,37,86,58,87,79,6,4,91,83,78,66,2,99,24,62,89,95,63,25,75,80,54,98,26,13,10,11,32,36,34,20,72,3,27,52,92,55,1,69,71,51,56,96,60,47,77,45,33,46,67,81,93,23,22,48,12,10,10,52,28,
G6100 Best cost: 4971.350897914762
G6100 Best chromosome: 28,64,76,17,14,43,30,73,85,61,15,42,35,53,39,68,49,50,88,84,31,16,18,41,40,70,90,7,65,38,44,82,59,29,74,0,5,21,19,8,94,9,57,97,37,86,58,87,79,6,4,91,83,78,66,2,99,24,62,89,95,63,25,75,80,54,98,26,13,10,11,32,36,34,20,72,3,27,52,92,55,1,69,71,51,56,96,60,47,77,45,33,46,67,81,93,23,22,48,12,10,10,52,28,
G6200 Best cost: 4971.350897914762
G6200 Best chromosome: 28,64,76,17,14,43,30,73,85,61,15,42,35,53,39,68,49,50,88,84,31,16,18,41,40,70,90,7,65,38,44,82,59,29,74,0,5,21,19,8,94,9,57,97,37,86,58,87,79,6,4,91,83,78,66,2,99,24,62,89,95,63,25,75,80,54,98,26,13,10,11,32,36,34,20,72,3,27,52,92,55,1,69,71,51,56,96,60,47,77,45,33,46,67,81,93,23,22,48,12,10,10,52,28,
G6300 Best cost: 4971.350897914762
G6300 Best chromosome: 28,64,76,17,14,43,30,73,85,61,15,42,35,53,39,68,49,50,88,84,31,16,18,41,40,70,90,7,65,38,44,82,59,29,74,0,5,21,19,8,94,9,57,97,37,86,58,87,79,6,4,91,83,78,66,2,99,24,62,89,95,63,25,75,80,54,98,26,13,10,11,32,36,34,20,72,3,27,52,92,55,1,69,71,51,56,96,60,47,77,45,33,46,67,81,93,23,22,48,12,10,10,52,28,
G6400 Best cost: 4971.350897914762
G6400 Best chromosome: 28,64,76,17,14,43,30,73,85,61,15,42,35,53,39,68,49,50,88,84,31,16,18,41,40,70,90,7,65,38,44,82,59,29,74,0,5,21,19,8,94,9,57,97,37,86,58,87,79,6,4,91,83,78,66,2,99,24,62,89,95,63,25,75,80,54,98,26,13,10,11,32,36,34,20,72,3,27,52,92,55,1,69,71,51,56,96,60,47,77,45,33,46,67,81,93,23,22,48,12,10,10,52,28,
G6500 Best cost: 4971.350897914762
G6500 Best chromosome: 28,64,76,17,14,43,30,73,85,61,15,42,35,53,39,68,49,50,88,84,31,16,18,41,40,70,90,7,65,38,44,82,59,29,74,0,5,21,19,8,94,9,57,97,37,86,58,87,79,6,4,91,83,78,66,2,99,24,62,89,95,63,25,75,80,54,98,26,13,10,11,32,36,34,20,72,3,27,52,92,55,1,69,71,51,56,96,60,47,77,45,33,46,67,81,93,23,22,48,12,10,10,52,28,
G6600 Best cost: 4971.350897914762
G6600 Best chromosome: 28,64,76,17,14,43,30,73,85,61,15,42,35,53,39,68,49,50,88,84,31,16,18,41,40,70,90,7,65,38,44,82,59,29,74,0,5,21,19,8,94,9,57,97,37,86,58,87,79,6,4,91,83,78,66,2,99,24,62,89,95,63,25,75,80,54,98,26,13,10,11,32,36,34,20,72,3,27,52,92,55,1,69,71,51,56,96,60,47,77,45,33,46,67,81,93,23,22,48,12,10,10,52,28,
G6700 Best cost: 4971.350897914762
G6700 Best chromosome: 28,64,76,17,14,43,30,73,85,61,15,42,35,53,39,68,49,50,88,84,31,16,18,41,40,70,90,7,65,38,44,82,59,29,74,0,5,21,19,8,94,9,57,97,37,86,58,87,79,6,4,91,83,78,66,2,99,24,62,89,95,63,25,75,80,54,98,26,13,10,11,32,36,34,20,72,3,27,52,92,55,1,69,71,51,56,96,60,47,77,45,33,46,67,81,93,23,22,48,12,10,10,52,28,
G6800 Best cost: 4971.350897914762
G6800 Best chromosome: 28,64,76,17,14,43,30,73,85,61,15,42,35,53,39,68,49,50,88,84,31,16,18,41,40,70,90,7,65,38,44,82,59,29,74,0,5,21,19,8,94,9,57,97,37,86,58,87,79,6,4,91,83,78,66,2,99,24,62,89,95,63,25,75,80,54,98,26,13,10,11,32,36,34,20,72,3,27,52,92,55,1,69,71,51,56,96,60,47,77,45,33,46,67,81,93,23,22,48,12,10,10,52,28,
G6900 Best cost: 4971.350897914762
G6900 Best chromosome: 28,64,76,17,14,43,30,73,85,61,15,42,35,53,39,68,49,50,88,84,31,16,18,41,40,70,90,7,65,38,44,82,59,29,74,0,5,21,19,8,94,9,57,97,37,86,58,87,79,6,4,91,83,78,66,2,99,24,62,89,95,63,25,75,80,54,98,26,13,10,11,32,36,34,20,72,3,27,52,92,55,1,69,71,51,56,96,60,47,77,45,33,46,67,81,93,23,22,48,12,10,10,52,28,
G7000 Best cost: 4971.350897914762
G7000 Best chromosome: 28,64,76,17,14,43,30,73,85,61,15,42,35,53,39,68,49,50,88,84,31,16,18,41,40,70,90,7,65,38,44,82,59,29,74,0,5,21,19,8,94,9,57,97,37,86,58,87,79,6,4,91,83,78,66,2,99,24,62,89,95,63,25,75,80,54,98,26,13,10,11,32,36,34,20,72,3,27,52,92,55,1,69,71,51,56,96,60,47,77,45,33,46,67,81,93,23,22,48,12,10,10,52,28,
G7100 Best cost: 4971.350897914762
G7100 Best chromosome: 28,64,76,17,14,43,30,73,85,61,15,42,35,53,39,68,49,50,88,84,31,16,18,41,40,70,90,7,65,38,44,82,59,29,74,0,5,21,19,8,94,9,57,97,37,86,58,87,79,6,4,91,83,78,66,2,99,24,62,89,95,63,25,75,80,54,98,26,13,10,11,32,36,34,20,72,3,27,52,92,55,1,69,71,51,56,96,60,47,77,45,33,46,67,81,93,23,22,48,12,10,10,52,28,
G7200 Best cost: 4971.350897914762
G7200 Best chromosome: 28,64,76,17,14,43,30,73,85,61,15,42,35,53,39,68,49,50,88,84,31,16,18,41,40,70,90,7,65,38,44,82,59,29,74,0,5,21,19,8,94,9,57,97,37,86,58,87,79,6,4,91,83,78,66,2,99,24,62,89,95,63,25,75,80,54,98,26,13,10,11,32,36,34,20,72,3,27,52,92,55,1,69,71,51,56,96,60,47,77,45,33,46,67,81,93,23,22,48,12,10,10,52,28,
G7300 Best cost: 4971.350897914762
G7300 Best chromosome: 28,64,76,17,14,43,30,73,85,61,15,42,35,53,39,68,49,50,88,84,31,16,18,41,40,70,90,7,65,38,44,82,59,29,74,0,5,21,19,8,94,9,57,97,37,86,58,87,79,6,4,91,83,78,66,2,99,24,62,89,95,63,25,75,80,54,98,26,13,10,11,32,36,34,20,72,3,27,52,92,55,1,69,71,51,56,96,60,47,77,45,33,46,67,81,93,23,22,48,12,10,10,52,28,
G7400 Best cost: 4971.350897914762
G7400 Best chromosome: 28,64,76,17,14,43,30,73,85,61,15,42,35,53,39,68,49,50,88,84,31,16,18,41,40,70,90,7,65,38,44,82,59,29,74,0,5,21,19,8,94,9,57,97,37,86,58,87,79,6,4,91,83,78,66,2,99,24,62,89,95,63,25,75,80,54,98,26,13,10,11,32,36,34,20,72,3,27,52,92,55,1,69,71,51,56,96,60,47,77,45,33,46,67,81,93,23,22,48,12,10,10,52,28,
G7500 Best cost: 4971.350897914762
G7500 Best chromosome: 28,64,76,17,14,43,30,73,85,61,15,42,35,53,39,68,49,50,88,84,31,16,18,41,40,70,90,7,65,38,44,82,59,29,74,0,5,21,19,8,94,9,57,97,37,86,58,87,79,6,4,91,83,78,66,2,99,24,62,89,95,63,25,75,80,54,98,26,13,10,11,32,36,34,20,72,3,27,52,92,55,1,69,71,51,56,96,60,47,77,45,33,46,67,81,93,23,22,48,12,10,10,52,28,
G7600 Best cost: 4971.350897914762
G7600 Best chromosome: 28,64,76,17,14,43,30,73,85,61,15,42,35,53,39,68,49,50,88,84,31,16,18,41,40,70,90,7,65,38,44,82,59,29,74,0,5,21,19,8,94,9,57,97,37,86,58,87,79,6,4,91,83,78,66,2,99,24,62,89,95,63,25,75,80,54,98,26,13,10,11,32,36,34,20,72,3,27,52,92,55,1,69,71,51,56,96,60,47,77,45,33,46,67,81,93,23,22,48,12,10,10,52,28,
G7700 Best cost: 4971.350897914762
G7700 Best chromosome: 28,64,76,17,14,43,30,73,85,61,15,42,35,53,39,68,49,50,88,84,31,16,18,41,40,70,90,7,65,38,44,82,59,29,74,0,5,21,19,8,94,9,57,97,37,86,58,87,79,6,4,91,83,78,66,2,99,24,62,89,95,63,25,75,80,54,98,26,13,10,11,32,36,34,20,72,3,27,52,92,55,1,69,71,51,56,96,60,47,77,45,33,46,67,81,93,23,22,48,12,10,10,52,28,
G7800 Best cost: 4971.350897914762
G7800 Best chromosome: 28,64,76,17,14,43,30,73,85,61,15,42,35,53,39,68,49,50,88,84,31,16,18,41,40,70,90,7,65,38,44,82,59,29,74,0,5,21,19,8,94,9,57,97,37,86,58,87,79,6,4,91,83,78,66,2,99,24,62,89,95,63,25,75,80,54,98,26,13,10,11,32,36,34,20,72,3,27,52,92,55,1,69,71,51,56,96,60,47,77,45,33,46,67,81,93,23,22,48,12,10,10,52,28,
G7900 Best cost: 4971.350897914762
G7900 Best chromosome: 28,64,76,17,14,43,30,73,85,61,15,42,35,53,39,68,49,50,88,84,31,16,18,41,40,70,90,7,65,38,44,82,59,29,74,0,5,21,19,8,94,9,57,97,37,86,58,87,79,6,4,91,83,78,66,2,99,24,62,89,95,63,25,75,80,54,98,26,13,10,11,32,36,34,20,72,3,27,52,92,55,1,69,71,51,56,96,60,47,77,45,33,46,67,81,93,23,22,48,12,10,10,52,28,
G8000 Best cost: 4971.350897914762
G8000 Best chromosome: 28,64,76,17,14,43,30,73,85,61,15,42,35,53,39,68,49,50,88,84,31,16,18,41,40,70,90,7,65,38,44,82,59,29,74,0,5,21,19,8,94,9,57,97,37,86,58,87,79,6,4,91,83,78,66,2,99,24,62,89,95,63,25,75,80,54,98,26,13,10,11,32,36,34,20,72,3,27,52,92,55,1,69,71,51,56,96,60,47,77,45,33,46,67,81,93,23,22,48,12,10,10,52,28,
G8100 Best cost: 4971.350897914762
G8100 Best chromosome: 28,64,76,17,14,43,30,73,85,61,15,42,35,53,39,68,49,50,88,84,31,16,18,41,40,70,90,7,65,38,44,82,59,29,74,0,5,21,19,8,94,9,57,97,37,86,58,87,79,6,4,91,83,78,66,2,99,24,62,89,95,63,25,75,80,54,98,26,13,10,11,32,36,34,20,72,3,27,52,92,55,1,69,71,51,56,96,60,47,77,45,33,46,67,81,93,23,22,48,12,10,10,52,28,
G8200 Best cost: 4971.350897914762
G8200 Best chromosome: 28,64,76,17,14,43,30,73,85,61,15,42,35,53,39,68,49,50,88,84,31,16,18,41,40,70,90,7,65,38,44,82,59,29,74,0,5,21,19,8,94,9,57,97,37,86,58,87,79,6,4,91,83,78,66,2,99,24,62,89,95,63,25,75,80,54,98,26,13,10,11,32,36,34,20,72,3,27,52,92,55,1,69,71,51,56,96,60,47,77,45,33,46,67,81,93,23,22,48,12,10,10,52,28,
G8300 Best cost: 4971.350897914762
G8300 Best chromosome: 28,64,76,17,14,43,30,73,85,61,15,42,35,53,39,68,49,50,88,84,31,16,18,41,40,70,90,7,65,38,44,82,59,29,74,0,5,21,19,8,94,9,57,97,37,86,58,87,79,6,4,91,83,78,66,2,99,24,62,89,95,63,25,75,80,54,98,26,13,10,11,32,36,34,20,72,3,27,52,92,55,1,69,71,51,56,96,60,47,77,45,33,46,67,81,93,23,22,48,12,10,10,52,28,
G8400 Best cost: 4971.350897914762
G8400 Best chromosome: 28,64,76,17,14,43,30,73,85,61,15,42,35,53,39,68,49,50,88,84,31,16,18,41,40,70,90,7,65,38,44,82,59,29,74,0,5,21,19,8,94,9,57,97,37,86,58,87,79,6,4,91,83,78,66,2,99,24,62,89,95,63,25,75,80,54,98,26,13,10,11,32,36,34,20,72,3,27,52,92,55,1,69,71,51,56,96,60,47,77,45,33,46,67,81,93,23,22,48,12,10,10,52,28,
G8500 Best cost: 4971.350897914762
G8500 Best chromosome: 28,64,76,17,14,43,30,73,85,61,15,42,35,53,39,68,49,50,88,84,31,16,18,41,40,70,90,7,65,38,44,82,59,29,74,0,5,21,19,8,94,9,57,97,37,86,58,87,79,6,4,91,83,78,66,2,99,24,62,89,95,63,25,75,80,54,98,26,13,10,11,32,36,34,20,72,3,27,52,92,55,1,69,71,51,56,96,60,47,77,45,33,46,67,81,93,23,22,48,12,10,10,52,28,
G8600 Best cost: 4971.350897914762
G8600 Best chromosome: 28,64,76,17,14,43,30,73,85,61,15,42,35,53,39,68,49,50,88,84,31,16,18,41,40,70,90,7,65,38,44,82,59,29,74,0,5,21,19,8,94,9,57,97,37,86,58,87,79,6,4,91,83,78,66,2,99,24,62,89,95,63,25,75,80,54,98,26,13,10,11,32,36,34,20,72,3,27,52,92,55,1,69,71,51,56,96,60,47,77,45,33,46,67,81,93,23,22,48,12,10,10,52,28,
G8700 Best cost: 4971.350897914762
G8700 Best chromosome: 28,64,76,17,14,43,30,73,85,61,15,42,35,53,39,68,49,50,88,84,31,16,18,41,40,70,90,7,65,38,44,82,59,29,74,0,5,21,19,8,94,9,57,97,37,86,58,87,79,6,4,91,83,78,66,2,99,24,62,89,95,63,25,75,80,54,98,26,13,10,11,32,36,34,20,72,3,27,52,92,55,1,69,71,51,56,96,60,47,77,45,33,46,67,81,93,23,22,48,12,10,10,52,28,
G8800 Best cost: 4971.350897914762
G8800 Best chromosome: 28,64,76,17,14,43,30,73,85,61,15,42,35,53,39,68,49,50,88,84,31,16,18,41,40,70,90,7,65,38,44,82,59,29,74,0,5,21,19,8,94,9,57,97,37,86,58,87,79,6,4,91,83,78,66,2,99,24,62,89,95,63,25,75,80,54,98,26,13,10,11,32,36,34,20,72,3,27,52,92,55,1,69,71,51,56,96,60,47,77,45,33,46,67,81,93,23,22,48,12,10,10,52,28,
G8900 Best cost: 4971.350897914762
G8900 Best chromosome: 28,64,76,17,14,43,30,73,85,61,15,42,35,53,39,68,49,50,88,84,31,16,18,41,40,70,90,7,65,38,44,82,59,29,74,0,5,21,19,8,94,9,57,97,37,86,58,87,79,6,4,91,83,78,66,2,99,24,62,89,95,63,25,75,80,54,98,26,13,10,11,32,36,34,20,72,3,27,52,92,55,1,69,71,51,56,96,60,47,77,45,33,46,67,81,93,23,22,48,12,10,10,52,28,
G9000 Best cost: 4971.350897914762
G9000 Best chromosome: 28,64,76,17,14,43,30,73,85,61,15,42,35,53,39,68,49,50,88,84,31,16,18,41,40,70,90,7,65,38,44,82,59,29,74,0,5,21,19,8,94,9,57,97,37,86,58,87,79,6,4,91,83,78,66,2,99,24,62,89,95,63,25,75,80,54,98,26,13,10,11,32,36,34,20,72,3,27,52,92,55,1,69,71,51,56,96,60,47,77,45,33,46,67,81,93,23,22,48,12,10,10,52,28,
G9100 Best cost: 4971.350897914762
G9100 Best chromosome: 28,64,76,17,14,43,30,73,85,61,15,42,35,53,39,68,49,50,88,84,31,16,18,41,40,70,90,7,65,38,44,82,59,29,74,0,5,21,19,8,94,9,57,97,37,86,58,87,79,6,4,91,83,78,66,2,99,24,62,89,95,63,25,75,80,54,98,26,13,10,11,32,36,34,20,72,3,27,52,92,55,1,69,71,51,56,96,60,47,77,45,33,46,67,81,93,23,22,48,12,10,10,52,28,
G9200 Best cost: 4971.350897914762
G9200 Best chromosome: 28,64,76,17,14,43,30,73,85,61,15,42,35,53,39,68,49,50,88,84,31,16,18,41,40,70,90,7,65,38,44,82,59,29,74,0,5,21,19,8,94,9,57,97,37,86,58,87,79,6,4,91,83,78,66,2,99,24,62,89,95,63,25,75,80,54,98,26,13,10,11,32,36,34,20,72,3,27,52,92,55,1,69,71,51,56,96,60,47,77,45,33,46,67,81,93,23,22,48,12,10,10,52,28,
G9300 Best cost: 4971.350897914762
G9300 Best chromosome: 28,64,76,17,14,43,30,73,85,61,15,42,35,53,39,68,49,50,88,84,31,16,18,41,40,70,90,7,65,38,44,82,59,29,74,0,5,21,19,8,94,9,57,97,37,86,58,87,79,6,4,91,83,78,66,2,99,24,62,89,95,63,25,75,80,54,98,26,13,10,11,32,36,34,20,72,3,27,52,92,55,1,69,71,51,56,96,60,47,77,45,33,46,67,81,93,23,22,48,12,10,10,52,28,
G9400 Best cost: 4971.350897914762
G9400 Best chromosome: 28,64,76,17,14,43,30,73,85,61,15,42,35,53,39,68,49,50,88,84,31,16,18,41,40,70,90,7,65,38,44,82,59,29,74,0,5,21,19,8,94,9,57,97,37,86,58,87,79,6,4,91,83,78,66,2,99,24,62,89,95,63,25,75,80,54,98,26,13,10,11,32,36,34,20,72,3,27,52,92,55,1,69,71,51,56,96,60,47,77,45,33,46,67,81,93,23,22,48,12,10,10,52,28,
G9500 Best cost: 4971.350897914762
G9500 Best chromosome: 28,64,76,17,14,43,30,73,85,61,15,42,35,53,39,68,49,50,88,84,31,16,18,41,40,70,90,7,65,38,44,82,59,29,74,0,5,21,19,8,94,9,57,97,37,86,58,87,79,6,4,91,83,78,66,2,99,24,62,89,95,63,25,75,80,54,98,26,13,10,11,32,36,34,20,72,3,27,52,92,55,1,69,71,51,56,96,60,47,77,45,33,46,67,81,93,23,22,48,12,10,10,52,28,
G9600 Best cost: 4971.350897914762
G9600 Best chromosome: 28,64,76,17,14,43,30,73,85,61,15,42,35,53,39,68,49,50,88,84,31,16,18,41,40,70,90,7,65,38,44,82,59,29,74,0,5,21,19,8,94,9,57,97,37,86,58,87,79,6,4,91,83,78,66,2,99,24,62,89,95,63,25,75,80,54,98,26,13,10,11,32,36,34,20,72,3,27,52,92,55,1,69,71,51,56,96,60,47,77,45,33,46,67,81,93,23,22,48,12,10,10,52,28,
G9700 Best cost: 4971.350897914762
G9700 Best chromosome: 28,64,76,17,14,43,30,73,85,61,15,42,35,53,39,68,49,50,88,84,31,16,18,41,40,70,90,7,65,38,44,82,59,29,74,0,5,21,19,8,94,9,57,97,37,86,58,87,79,6,4,91,83,78,66,2,99,24,62,89,95,63,25,75,80,54,98,26,13,10,11,32,36,34,20,72,3,27,52,92,55,1,69,71,51,56,96,60,47,77,45,33,46,67,81,93,23,22,48,12,10,10,52,28,
G9800 Best cost: 4971.350897914762
G9800 Best chromosome: 28,64,76,17,14,43,30,73,85,61,15,42,35,53,39,68,49,50,88,84,31,16,18,41,40,70,90,7,65,38,44,82,59,29,74,0,5,21,19,8,94,9,57,97,37,86,58,87,79,6,4,91,83,78,66,2,99,24,62,89,95,63,25,75,80,54,98,26,13,10,11,32,36,34,20,72,3,27,52,92,55,1,69,71,51,56,96,60,47,77,45,33,46,67,81,93,23,22,48,12,10,10,52,28,
G9900 Best cost: 4971.350897914762
G9900 Best chromosome: 28,64,76,17,14,43,30,73,85,61,15,42,35,53,39,68,49,50,88,84,31,16,18,41,40,70,90,7,65,38,44,82,59,29,74,0,5,21,19,8,94,9,57,97,37,86,58,87,79,6,4,91,83,78,66,2,99,24,62,89,95,63,25,75,80,54,98,26,13,10,11,32,36,34,20,72,3,27,52,92,55,1,69,71,51,56,96,60,47,77,45,33,46,67,81,93,23,22,48,12,10,10,52,28,
G10000 Best cost: 4971.350897914762
G10000 Best chromosome: 28,64,76,17,14,43,30,73,85,61,15,42,35,53,39,68,49,50,88,84,31,16,18,41,40,70,90,7,65,38,44,82,59,29,74,0,5,21,19,8,94,9,57,97,37,86,58,87,79,6,4,91,83,78,66,2,99,24,62,89,95,63,25,75,80,54,98,26,13,10,11,32,36,34,20,72,3,27,52,92,55,1,69,71,51,56,96,60,47,77,45,33,46,67,81,93,23,22,48,12,10,10,52,28,
Stopped after 10000 generations.
Best cost: 4971.350897914762
